0,0,1.0
0,1,0.8169328325057663
0,2,0.6303498589086325
0,3,0.2644772548743459
0,4,0.0
0,5,0.7034938352610696
0,6,0.243721802667401
0,7,-0.0188345526814075
0,8,0.0442859900757535
0,9,0.0781121715572654
0,10,-0.0604554016398327
0,11,0.5897288727674089
0,12,0.5580618487508933
0,13,-0.1024365376523013
0,14,0.2128394458721296
0,15,0.1861369126123412
0,16,-0.1094744447819698
0,17,0.2355529758369658
0,18,0.8988370036435104
0,19,-0.0061943775719783
0,20,0.0733195172206985
0,21,-0.0180827456926276
0,22,0.1490848039954369
0,23,-0.1911540300911864
0,24,0.6691607890893663
0,25,0.1479154147887638
0,26,-0.088573323947732
0,27,0.0137457782367055
0,28,0.2264287467856063
0,29,0.1752815717373175
0,30,0.0762614891509402
0,31,0.0395445717803548
0,32,-0.0001593333256565
0,33,0.0057911463012217
0,34,-0.1575401639878538
0,35,0.0
0,36,0.520599211479604
0,37,0.1090200395238056
0,38,0.8101138606305661
0,39,-0.154253711003553
0,40,-0.26590944878053
0,41,0.1371961269500503
0,42,0.1043062580353971
0,43,-0.1157380124174332
0,44,0.7419174740839315
0,45,0.5054363009992077
0,46,-0.0289964132908622
0,47,-0.1906592995231404
0,48,0.5627351013299526
0,49,0.2860561876450199
0,50,-0.1085315496697701
0,51,0.1149745786351451
0,52,-0.0172200345283755
0,53,0.3712502373438867
0,54,0.3409657257025993
0,55,0.4787635825469961
0,56,0.1817179323004522
0,57,0.1411594477464396
0,58,0.596231179464463
0,59,0.0590824643204736
0,60,0.5959003538407296
0,61,0.63905079702541
0,62,0.4191056929187485
0,63,0.3712169563543563
1,0,0.8169328325057663
1,1,1.0
1,2,0.5932622650008256
1,3,0.1322839935205583
1,4,0.0
1,5,0.9028207902531707
1,6,-0.0070553247106213
1,7,-0.0283273609492272
1,8,-0.0628573895988749
1,9,0.0189070948705041
1,10,-0.0665800036069361
1,11,0.6797080136089625
1,12,0.6836501932624897
1,13,-0.1086051974552344
1,14,0.3678271720188816
1,15,0.2441298158774504
1,16,-0.2255731209145228
1,17,0.3125029629101081
1,18,0.872235516479517
1,19,-0.066595102661362
1,20,0.1079138977068524
1,21,-0.043571715808819
1,22,0.2750295378208944
1,23,-0.4289536917236381
1,24,0.7809390030270338
1,25,0.2539402850169722
1,26,-0.0417916016951534
1,27,-0.2439102283371239
1,28,0.3521828290053717
1,29,0.4370714217398937
1,30,-0.2379064147977333
1,31,0.0166368463787545
1,32,-0.0259108829879857
1,33,0.0415416578024241
1,34,-0.2347239673339377
1,35,0.0
1,36,0.6534308920916675
1,37,0.174054121145557
1,38,0.9430077298634734
1,39,-0.44973618554257
1,40,-0.4828724477338929
1,41,0.219783140180826
1,42,0.1429052265362534
1,43,-0.1473465002893904
1,44,0.8847002905449348
1,45,0.6929674896427523
1,46,-0.0264452529832178
1,47,-0.4448392589961362
1,48,0.4622623206088941
1,49,0.2103324995944412
1,50,-0.4226303455742992
1,51,0.1234403417896803
1,52,-0.0003241002101725
1,53,0.6278831945273773
1,54,0.2554804069443988
1,55,0.4825138223014141
1,56,-0.0402288902163804
1,57,0.1995155016070738
1,58,0.839290209754148
1,59,0.0997092851250431
1,60,0.7723604411411048
1,61,0.7986495233418708
1,62,0.2926658179788776
1,63,0.5650328488030781
2,0,0.6303498589086325
2,1,0.5932622650008256
2,2,1.0
2,3,0.2251689600912513
2,4,0.0
2,5,0.4529125792052201
2,6,0.1144604004458495
2,7,-0.100445323029646
2,8,0.0070579762856459
2,9,-0.0370243051936027
2,10,-0.0455156003748748
2,11,0.7618615835801548
2,12,0.3186646287144672
2,13,-0.102312237074041
2,14,0.1723264914952895
2,15,-0.1113449169898432
2,16,0.1169699130880693
2,17,0.2441665851732498
2,18,0.5514121943223365
2,19,-0.2555845915152395
2,20,-0.1180223962877476
2,21,-0.1056569143679731
2,22,0.1597805628647278
2,23,-0.0133277529073545
2,24,0.6461668536283689
2,25,0.0411968224456837
2,26,0.0797413859642989
2,27,0.0155758724979891
2,28,0.1061724124182135
2,29,0.1886315244146767
2,30,0.1034287345531881
2,31,0.0125919987725792
2,32,0.0055039125431225
2,33,0.0587051418057418
2,34,0.0775723731675994
2,35,0.0
2,36,0.2710843226431017
2,37,0.3646824970750947
2,38,0.5373323600679021
2,39,-0.1060526713325237
2,40,-0.0732418892443203
2,41,0.1170832690965464
2,42,0.0375774179228429
2,43,0.0177785764332135
2,44,0.3889166179842132
2,45,0.3924137294381094
2,46,-0.1044161420835562
2,47,-0.0473704746167786
2,48,0.709624097545141
2,49,0.0054947277971724
2,50,-0.059310431902796
2,51,0.0561384709803424
2,52,-0.0329422068928601
2,53,0.2704717298347669
2,54,0.0808102182425715
2,55,0.1257071298375
2,56,0.0155053188068841
2,57,0.0690193178334623
2,58,0.5592795537462905
2,59,0.1027448304240789
2,60,0.3571984860459581
2,61,0.4335181242995693
2,62,0.2733722986282928
2,63,0.181478498905352
3,0,0.2644772548743459
3,1,0.1322839935205583
3,2,0.2251689600912513
3,3,1.0
3,4,0.0
3,5,-0.0466340804455595
3,6,0.516098378227312
3,7,-0.0821113529767412
3,8,0.2286010561999991
3,9,0.0825584193057294
3,10,-0.1699973507166589
3,11,0.1708988200167014
3,12,0.2783588967669497
3,13,-0.086280528693834
3,14,-0.243305646606868
3,15,-0.0708214731539395
3,16,0.2177970297054574
3,17,-0.2067804618569372
3,18,0.1542500722346195
3,19,-0.0081082860638218
3,20,0.0386231959185964
3,21,0.0010982340740739
3,22,-0.3845855241140303
3,23,0.4207378813489309
3,24,0.076932341798635
3,25,-0.2550098758751159
3,26,-0.0224062138764529
3,27,0.6518556296593346
3,28,-0.2640406247652868
3,29,-0.5571721568932495
3,30,0.6304280829613959
3,31,0.0934500417939658
3,32,0.0238420747219676
3,33,-0.1474891943820587
3,34,0.0048050177917333
3,35,0.0
3,36,-0.1594547573127203
3,37,-0.1419137717130378
3,38,0.1205008663512728
3,39,0.5777353196982934
3,40,0.236601384991856
3,41,-0.153796118557613
3,42,-0.032655855051465
3,43,0.0911675304381117
3,44,0.1533792539885189
3,45,0.0811436141444034
3,46,-0.0068202166397951
3,47,0.4585889118376319
3,48,0.2448433683429962
3,49,0.1630206032497059
3,50,0.5882612850897591
3,51,0.0434963502581751
3,52,-0.0697575244890655
3,53,-0.0989967626427605
3,54,0.071754206127277
3,55,0.1422070049978774
3,56,0.4585908440324897
3,57,-0.1068388171626775
3,58,-0.1291840930537776
3,59,0.1091862561454242
3,60,-0.123158719308629
3,61,-0.0707172615594088
3,62,0.7309065563656961
3,63,-0.3169715143058217
4,0,0.0
4,1,0.0
4,2,0.0
4,3,0.0
4,4,0.0
4,5,0.0
4,6,0.0
4,7,0.0
4,8,0.0
4,9,0.0
4,10,0.0
4,11,0.0
4,12,0.0
4,13,0.0
4,14,0.0
4,15,0.0
4,16,0.0
4,17,0.0
4,18,0.0
4,19,0.0
4,20,0.0
4,21,0.0
4,22,0.0
4,23,0.0
4,24,0.0
4,25,0.0
4,26,0.0
4,27,0.0
4,28,0.0
4,29,0.0
4,30,0.0
4,31,0.0
4,32,0.0
4,33,0.0
4,34,0.0
4,35,0.0
4,36,0.0
4,37,0.0
4,38,0.0
4,39,0.0
4,40,0.0
4,41,0.0
4,42,0.0
4,43,0.0
4,44,0.0
4,45,0.0
4,46,0.0
4,47,0.0
4,48,0.0
4,49,0.0
4,50,0.0
4,51,0.0
4,52,0.0
4,53,0.0
4,54,0.0
4,55,0.0
4,56,0.0
4,57,0.0
4,58,0.0
4,59,0.0
4,60,0.0
4,61,0.0
4,62,0.0
4,63,0.0
5,0,0.7034938352610696
5,1,0.9028207902531707
5,2,0.4529125792052201
5,3,-0.0466340804455595
5,4,0.0
5,5,1.0
5,6,-0.0847722253360682
5,7,-0.0110135613852
5,8,-0.1568405174158693
5,9,-0.0477853803147954
5,10,0.004672869126509
5,11,0.4961076368364056
5,12,0.6363369495400529
5,13,-0.1256871400568984
5,14,0.4058782715806026
5,15,0.3809639837843413
5,16,-0.4513335998413199
5,17,0.359022806037418
5,18,0.8189807933428612
5,19,0.0647835108024881
5,20,0.2261561634737568
5,21,-0.0148428483251204
5,22,0.3734820567291423
5,23,-0.518094049118195
5,24,0.7031461483926644
5,25,0.3132369100330788
5,26,-0.1865850244742116
5,27,-0.3747747774000298
5,28,0.4083111568865886
5,29,0.5179102244960653
5,30,-0.3984456551559076
5,31,-0.0122412429961647
5,32,-0.1071545595447877
5,33,0.0584353270237645
5,34,-0.3647724029996272
5,35,0.0
5,36,0.7438566077012447
5,37,0.0620187158771367
5,38,0.8665837548955502
5,39,-0.5684515545089769
5,40,-0.5667799328325627
5,41,0.2248219868007367
5,42,0.1490764657556205
5,43,-0.1771151871662747
5,44,0.8837934347059517
5,45,0.614555108543191
5,46,0.0746732609678676
5,47,-0.5656241409399736
5,48,0.3668810947192202
5,49,0.2184752268051813
5,50,-0.5839347958220577
5,51,0.1090622920091816
5,52,0.0887703573064517
5,53,0.735269518648727
5,54,0.3649228374800484
5,55,0.5602586987424213
5,56,-0.1102727597571838
5,57,0.2084289849723201
5,58,0.8807523963267632
5,59,0.0667837457920455
5,60,0.904576339478724
5,61,0.8179692837396433
5,62,0.1641975953038276
5,63,0.695187161488995
6,0,0.243721802667401
6,1,-0.0070553247106213
6,2,0.1144604004458495
6,3,0.516098378227312
6,4,0.0
6,5,-0.0847722253360682
6,6,1.0
6,7,-0.1886477718234736
6,8,0.1366951983588396
6,9,-0.0606034795176301
6,10,-0.0247727063781372
6,11,-0.1594537060637769
6,12,-0.221396976534671
6,13,-0.1122329902062964
6,14,-0.2781362038035998
6,15,-0.1385129054972358
6,16,-0.0016428967646334
6,17,-0.0727944700208036
6,18,0.0757436047997766
6,19,-0.0711472005034413
6,20,0.1794413389754886
6,21,0.0210913957445019
6,22,-0.216887530991678
6,23,0.586984733656708
6,24,-0.276125352622534
6,25,-0.2252831928685009
6,26,-0.1061797206702128
6,27,0.7779893816907479
6,28,-0.2460879924966092
6,29,-0.610221619375091
6,30,0.7719727459408284
6,31,0.1429686064591786
6,32,-0.0562830661312156
6,33,-0.0569277557834677
6,34,0.0054293005982399
6,35,0.0
6,36,0.0262071921815449
6,37,-0.1260463987917154
6,38,-0.0748604774221088
6,39,0.7270050873739448
6,40,0.500076862420185
6,41,-0.1724032066316917
6,42,0.0087489883300753
6,43,0.1197438631105382
6,44,-0.0170350875362791
6,45,-0.3823613695258192
6,46,0.0692786390157937
6,47,0.6272681304509293
6,48,0.2158446352789897
6,49,-0.1999138236914458
6,50,0.6492056188527138
6,51,0.1034898939305342
6,52,0.0733806217726735
6,53,-0.3574946134903103
6,54,0.4802081520915613
6,55,0.3361464563531899
6,56,0.6646844680571103
6,57,-0.1103277534525632
6,58,-0.2881060324914689
6,59,0.0855943328778646
6,60,-0.1136435662843552
6,61,-0.0905754498110131
6,62,0.3184097705724371
6,63,-0.2446779671428158
7,0,-0.0188345526814075
7,1,-0.0283273609492272
7,2,-0.100445323029646
7,3,-0.0821113529767412
7,4,0.0
7,5,-0.0110135613852
7,6,-0.1886477718234736
7,7,1.0
7,8,0.1433702661752166
7,9,0.1888395343116282
7,10,-0.0316094503773127
7,11,0.0412285564565294
7,12,0.1399110205824119
7,13,0.3090369009971082
7,14,-0.0264564510270602
7,15,0.0736327214354636
7,16,0.1663441111333133
7,17,0.0641498313059028
7,18,0.0319929455094509
7,19,0.0308348943053829
7,20,-0.1062632593110771
7,21,0.4164220592424703
7,22,0.2113287553629418
7,23,-0.1577657737552452
7,24,0.0168501663320734
7,25,0.0403649869635977
7,26,0.0613272613320521
7,27,-0.165270756995105
7,28,0.0544531685722621
7,29,0.1817034882876004
7,30,-0.1973897834477991
7,31,-0.068274360529945
7,32,0.0725297963166634
7,33,0.1873338188971877
7,34,0.0168101914558746
7,35,0.0
7,36,-0.0257830417389277
7,37,-0.0615955990752854
7,38,-0.0132312618560743
7,39,-0.1638152809622574
7,40,-0.1113100097406134
7,41,-0.0159577956868192
7,42,-0.0420490480571264
7,43,-0.2671115633158867
7,44,0.1030339170205235
7,45,0.0790785526651767
7,46,-0.078386518780916
7,47,-0.2082616300587493
7,48,-0.1240837131480082
7,49,0.1347132665213691
7,50,-0.0962206281109076
7,51,-0.0703017191844527
7,52,-0.070905343470289
7,53,0.069791965395827
7,54,-0.1039408728081148
7,55,-0.0592476003957407
7,56,-0.1098652044825017
7,57,0.034321690737281
7,58,0.0006338753477985
7,59,-0.1213491643698562
7,60,-0.0427097008615773
7,61,-0.0979866212524104
7,62,-0.127107809669639
7,63,-0.0039793112596306
8,0,0.0442859900757535
8,1,-0.0628573895988749
8,2,0.0070579762856459
8,3,0.2286010561999991
8,4,0.0
8,5,-0.1568405174158693
8,6,0.1366951983588396
8,7,0.1433702661752166
8,8,1.0
8,9,0.3897326879264493
8,10,-0.2986087004178211
8,11,-0.012725501149825
8,12,-0.0507767877444626
8,13,0.3157918827488143
8,14,-0.2612707487715722
8,15,-0.2164361843407751
8,16,0.2550979284721597
8,17,-0.1038457888889512
8,18,-0.0072223087504982
8,19,-0.1727852684656672
8,20,-0.1969294837921726
8,21,0.2145861935589479
8,22,-0.2359012812055996
8,23,0.1635869756410122
8,24,-0.0844486197444991
8,25,0.0239071956191595
8,26,0.1740259693085928
8,27,0.2220242699147013
8,28,0.1674029412848229
8,29,-0.272894115479144
8,30,0.2266446737109795
8,31,0.0280453466247266
8,32,0.3266210851684423
8,33,0.1677591490488506
8,34,0.0682495200396382
8,35,0.0
8,36,-0.0860528619701185
8,37,0.170994504386997
8,38,-0.0735957681774231
8,39,0.2395782857051454
8,40,0.0855849976164278
8,41,0.0326296173722805
8,42,0.0193865034357937
8,43,-0.2305534834543705
8,44,-0.0512351896396289
8,45,-0.1203664867898138
8,46,-0.2969811239745435
8,47,0.1128460873551431
8,48,-0.0819607893800792
8,49,-0.135396593847026
8,50,0.2116463124281388
8,51,0.0227148631515507
8,52,-0.195597128529577
8,53,-0.2958213319270862
8,54,-0.0668357865616896
8,55,-0.072310501882398
8,56,0.1039151780835794
8,57,0.048428578642154
8,58,-0.0636507105044132
8,59,-0.1281889093031601
8,60,-0.1565045979495073
8,61,-0.0878359291486969
8,62,0.1374644592226265
8,63,-0.3403976311528598
9,0,0.0781121715572654
9,1,0.0189070948705041
9,2,-0.0370243051936027
9,3,0.0825584193057294
9,4,0.0
9,5,-0.0477853803147954
9,6,-0.0606034795176301
9,7,0.1888395343116282
9,8,0.3897326879264493
9,9,1.0
9,10,-0.3411798117869638
9,11,0.0427276610651164
9,12,0.1417843281225279
9,13,0.3237772374467111
9,14,-0.1006214532267237
9,15,-0.0684924044776072
9,16,0.2291613594760443
9,17,-0.1301058058007689
9,18,0.0727996561384265
9,19,0.1063641741918206
9,20,-0.1474457221448442
9,21,0.239587772038315
9,22,-0.1774192688404463
9,23,-0.0168294992329729
9,24,0.0402247550177808
9,25,0.3256312496820973
9,26,0.2264174485394311
9,27,-0.0014618781334854
9,28,0.2085580002619294
9,29,-0.1234131597151103
9,30,-0.0133873991717829
9,31,-0.0894565088187805
9,32,0.6363590986193199
9,33,0.030091167055627
9,34,0.049243612620221
9,35,0.0
9,36,-0.0557118154220531
9,37,0.1732694651739386
9,38,0.0339545061272712
9,39,0.0101017116688763
9,40,-0.050512540176899
9,41,0.1936893182989086
9,42,0.0658560869326179
9,43,-0.2842198954291224
9,44,0.0976130381607028
9,45,0.0585148254168629
9,46,-0.3043142877740681
9,47,-0.0632545978069674
9,48,-0.1476384143005039
9,49,-0.0034243980040873
9,50,0.0218961520389115
9,51,0.0397657967265996
9,52,-0.170424076993821
9,53,-0.1323941413943032
9,54,-0.0237954496133057
9,55,-0.0960967472825167
9,56,0.0415880439244623
9,57,0.1497697111116637
9,58,0.0545864654660202
9,59,-0.1963982487456404
9,60,-0.0429703492433036
9,61,-0.0278658328326641
9,62,0.089499248627754
9,63,-0.1323307855129853
10,0,-0.0604554016398327
10,1,-0.0665800036069361
10,2,-0.0455156003748748
10,3,-0.1699973507166589
10,4,0.0
10,5,0.004672869126509
10,6,-0.0247727063781372
10,7,-0.0316094503773127
10,8,-0.2986087004178211
10,9,-0.3411798117869638
10,10,1.0
10,11,-0.091334080468968
10,12,-0.1095243180265537
10,13,-0.2546760748974317
10,14,-0.1312473199499401
10,15,0.1903602535660258
10,16,-0.3000712516095445
10,17,0.2342535491951207
10,18,-0.0619994212283328
10,19,-0.0742840169759645
10,20,0.1000181738749559
10,21,-0.0424004454399465
10,22,0.2218352888380012
10,23,0.0178912509491329
10,24,-0.0708957857143378
10,25,-0.1782880399298153
10,26,-0.3785149950953908
10,27,-0.0753339651557308
10,28,-0.1852066831535323
10,29,0.1333736744244484
10,30,-0.0463433626819892
10,31,0.0201334740940024
10,32,-0.268314687869945
10,33,0.0629840303079719
10,34,-0.1486015450095142
10,35,0.0
10,36,-0.0708099820758916
10,37,-0.3399588284498182
10,38,-0.064395072663279
10,39,-0.0473245612670983
10,40,0.07934870000084
10,41,-0.1232007177884861
10,42,-0.0403766797477441
10,43,0.2006569026575075
10,44,-0.1264952147439897
10,45,-0.0878323954529129
10,46,0.5840639861132203
10,47,-0.0014674358145362
10,48,0.1399409415405877
10,49,0.0894078124061574
10,50,-0.0568617430668409
10,51,-0.0302466854763651
10,52,0.3386535908554283
10,53,0.1242121055510522
10,54,-0.0387614584548782
10,55,-0.0271469062028503
10,56,-0.1937883145569825
10,57,-0.1157054185635581
10,58,-0.1371297274842134
10,59,0.2166090491680683
10,60,-0.0507092261315513
10,61,-0.0286590121308258
10,62,-0.2237542031473242
10,63,0.0633965270709987
11,0,0.5897288727674089
11,1,0.6797080136089625
11,2,0.7618615835801548
11,3,0.1708988200167014
11,4,0.0
11,5,0.4961076368364056
11,6,-0.1594537060637769
11,7,0.0412285564565294
11,8,-0.012725501149825
11,9,0.0427276610651164
11,10,-0.091334080468968
11,11,1.0
11,12,0.5003257812337097
11,13,-0.044457613383688
11,14,0.2963442701888384
11,15,0.0286524334344143
11,16,0.1982601505913079
11,17,0.2033866490598383
11,18,0.5573370731092722
11,19,-0.1718003734136194
11,20,-0.1887482949393203
11,21,-0.1456727965676027
11,22,0.1563247493972065
11,23,-0.2255010070573294
11,24,0.6935167786322428
11,25,0.1560743025843599
11,26,0.1318552097667072
11,27,-0.2117585223428666
11,28,0.2082031889465405
11,29,0.3741876531606637
11,30,-0.1624735507683242
11,31,-0.0434189767211432
11,32,0.0321411512784179
11,33,-0.0058824980334809
11,34,-0.0082824881709347
11,35,0.0
11,36,0.2607875795181509
11,37,0.3292860030057559
11,38,0.6121465354380424
11,39,-0.3232053062642508
11,40,-0.2592342214858627
11,41,0.2247297596659672
11,42,0.0469996100690974
11,43,0.029475880570801
11,44,0.5068013460541698
11,45,0.6451890770669493
11,46,-0.0972688188525385
11,47,-0.2356692068400821
11,48,0.4949084182902216
11,49,0.173478387272489
11,50,-0.2262704743987613
11,51,0.0407364117968513
11,52,-0.0862468678492147
11,53,0.4189496778609982
11,54,-0.1014225100616676
11,55,0.0879944390865067
11,56,-0.1445726653261076
11,57,0.1433691532605468
11,58,0.6060953357432196
11,59,0.0444874305663817
11,60,0.3467176650964719
11,61,0.4648829941517846
11,62,0.3029637300449658
11,63,0.2570587650804652
12,0,0.5580618487508933
12,1,0.6836501932624897
12,2,0.3186646287144672
12,3,0.2783588967669497
12,4,0.0
12,5,0.6363369495400529
12,6,-0.221396976534671
12,7,0.1399110205824119
12,8,-0.0507767877444626
12,9,0.1417843281225279
12,10,-0.1095243180265537
12,11,0.5003257812337097
12,12,1.0
12,13,-0.0130598471052021
12,14,0.3747897040582087
12,15,0.4713017184613251
12,16,-0.0673529959547241
12,17,0.0489526680691428
12,18,0.6804004458053163
12,19,0.248049546209141
12,20,0.1714566908779758
12,21,-0.0369297919997376
12,22,0.0251862091137612
12,23,-0.4766367471106014
12,24,0.7411240566363454
12,25,0.2769446313853049
12,26,-0.0569751303587323
12,27,-0.29856340401439
12,28,0.2841382312026129
12,29,0.3724668586626507
12,30,-0.3533212402606763
12,31,-0.0354034502976011
12,32,0.0078669189903837
12,33,-0.1533121880772933
12,34,-0.2708230845377983
12,35,0.0
12,36,0.4155694392523822
12,37,-0.084671815589144
12,38,0.7642957483829489
12,39,-0.4501147844162792
12,40,-0.5601918360906237
12,41,0.2385190237731352
12,42,0.1031214067742502
12,43,-0.1084423875028865
12,44,0.8030270092676615
12,45,0.8310471833375332
12,46,0.051844655434147
12,47,-0.4656600069170272
12,48,0.2232948129463112
12,49,0.6640691572604939
12,50,-0.3514872124742945
12,51,0.0743600993593833
12,52,-0.0502582106597801
12,53,0.669031433186589
12,54,0.1202252560745366
12,55,0.412001124292333
12,56,-0.0380704011109144
12,57,0.2061264494024478
12,58,0.611570050550043
12,59,-0.0320182328671985
12,60,0.570971817803257
12,61,0.5568990194866036
12,62,0.4672306746851947
12,63,0.4823557952921694
13,0,-0.1024365376523013
13,1,-0.1086051974552344
13,2,-0.102312237074041
13,3,-0.086280528693834
13,4,0.0
13,5,-0.1256871400568984
13,6,-0.1122329902062964
13,7,0.3090369009971082
13,8,0.3157918827488143
13,9,0.3237772374467111
13,10,-0.2546760748974317
13,11,-0.044457613383688
13,12,-0.0130598471052021
13,13,1.0
13,14,-0.1748088463699203
13,15,-0.1586122678053833
13,16,0.245060686409096
13,17,-0.0925639631787469
13,18,-0.077291668917584
13,19,-0.0681728074910833
13,20,-0.2207874608585888
13,21,0.3535664608260274
13,22,-0.1066055402447847
13,23,0.038985357147151
13,24,-0.0557350706992184
13,25,0.1049670377655274
13,26,0.2953834862730351
13,27,-0.0136731377221026
13,28,0.0992860798628352
13,29,0.0071184334948628
13,30,-0.0416257481574415
13,31,-0.066014585241601
13,32,0.2989229513094049
13,33,0.3108330886915874
13,34,0.174611931475544
13,35,0.0
13,36,-0.100621080906361
13,37,0.2074786758001428
13,38,-0.1083218893932817
13,39,0.0006694706902285
13,40,0.0570864649581796
13,41,0.0183278103181943
13,42,-0.0106400646540726
13,43,-0.3009190214865321
13,44,-0.0203328546692943
13,45,-0.0187783465515599
13,46,-0.284963960374799
13,47,-0.0232964689226693
13,48,-0.149000170714654
13,49,-0.0946722278081769
13,50,0.0173373048069412
13,51,-0.0376759608745269
13,52,-0.1812301709923054
13,53,-0.0870993695572746
13,54,-0.123541034190201
13,55,-0.1511953469142241
13,56,-0.0527646022137014
13,57,0.0719028686701519
13,58,-0.0273617780226224
13,59,-0.2655596676250626
13,60,-0.1213110379872621
13,61,-0.1630848426890353
13,62,-0.1207585814425452
13,63,-0.1404426378456277
14,0,0.2128394458721296
14,1,0.3678271720188816
14,2,0.1723264914952895
14,3,-0.243305646606868
14,4,0.0
14,5,0.4058782715806026
14,6,-0.2781362038035998
14,7,-0.0264564510270602
14,8,-0.2612707487715722
14,9,-0.1006214532267237
14,10,-0.1312473199499401
14,11,0.2963442701888384
14,12,0.3747897040582087
14,13,-0.1748088463699203
14,14,1.0
14,15,0.4182463939919248
14,16,-0.0469296802991382
14,17,-0.0971413881086251
14,18,0.2945963630507509
14,19,0.3403022344749843
14,20,0.2741895882915843
14,21,-0.4575321536680157
14,22,0.2059686831869805
14,23,-0.5566208056080256
14,24,0.4477988863171547
14,25,0.3300531839900236
14,26,0.1338496239442354
14,27,-0.4819967981549518
14,28,0.3354832999223923
14,29,0.460733689239279
14,30,-0.5076693758482942
14,31,-0.0349271484200838
14,32,-0.0991044079138177
14,33,-0.3835516943404908
14,34,-0.1256400818416125
14,35,0.0
14,36,0.5231785027537165
14,37,0.1921523500938208
14,38,0.4228260754455462
14,39,-0.549748370769252
14,40,-0.5044268756040313
14,41,0.3316660091411195
14,42,0.0831679191545003
14,43,0.1618524102586928
14,44,0.4013850080280486
14,45,0.5073522820533051
14,46,-0.0670126124175262
14,47,-0.4375161981225755
14,48,-0.0747894351534037
14,49,0.2860949393459352
14,50,-0.4799652659641765
14,51,0.0552991547076719
14,52,-0.2930836718965659
14,53,0.370943143253133
14,54,0.2267461779812997
14,55,0.3492589326413233
14,56,-0.0421144707142061
14,57,0.1761579562832116
14,58,0.4492820980481919
14,59,-0.1144136139068212
14,60,0.4912646690430595
14,61,0.452664557047195
14,62,0.1237828785095207
14,63,0.6293115470211387
15,0,0.1861369126123412
15,1,0.2441298158774504
15,2,-0.1113449169898432
15,3,-0.0708214731539395
15,4,0.0
15,5,0.3809639837843413
15,6,-0.1385129054972358
15,7,0.0736327214354636
15,8,-0.2164361843407751
15,9,-0.0684924044776072
15,10,0.1903602535660258
15,11,0.0286524334344143
15,12,0.4713017184613251
15,13,-0.1586122678053833
15,14,0.4182463939919248
15,15,1.0
15,16,-0.3112669351745276
15,17,-0.1165535312697392
15,18,0.2960942133100606
15,19,0.462456113721256
15,20,0.4469243828223095
15,21,-0.2352421592201367
15,22,0.0817376595071026
15,23,-0.4543985121682669
15,24,0.2631510671493279
15,25,0.2034483308469523
15,26,-0.2876773441783989
15,27,-0.3227960897412599
15,28,0.2088001367682639
15,29,0.2689373284821308
15,30,-0.4049140570230324
15,31,-0.0502633929829248
15,32,-0.1939815411365727
15,33,-0.3366403816291587
15,34,-0.4276321302183091
15,35,0.0
15,36,0.450117052249668
15,37,-0.3412384913391248
15,38,0.3504164674908218
15,39,-0.3796583992581662
15,40,-0.4541284117932885
15,41,0.1999844776979648
15,42,0.0434578598823184
15,43,0.1837960831990113
15,44,0.4430787359718411
15,45,0.4216593270655455
15,46,0.440249358391975
15,47,-0.3840282956688113
15,48,-0.1638025256513282
15,49,0.555164748381207
15,50,-0.336541820395045
15,51,0.0130325634826362
15,52,0.0824062179288584
15,53,0.4002552936258942
15,54,0.3400828686837007
15,55,0.5901330492366373
15,56,0.0527414597454014
15,57,0.1237075286658315
15,58,0.2291571764016539
15,59,-0.0580224530002018
15,60,0.4500714404077447
15,61,0.364337163395783
15,62,0.2332309637523205
15,63,0.5355444121148049
16,0,-0.1094744447819698
16,1,-0.2255731209145228
16,2,0.1169699130880693
16,3,0.2177970297054574
16,4,0.0
16,5,-0.4513335998413199
16,6,-0.0016428967646334
16,7,0.1663441111333133
16,8,0.2550979284721597
16,9,0.2291613594760443
16,10,-0.3000712516095445
16,11,0.1982601505913079
16,12,-0.0673529959547241
16,13,0.245060686409096
16,14,-0.0469296802991382
16,15,-0.3112669351745276
16,16,1.0
16,17,-0.2649180948675694
16,18,-0.2402611658747735
16,19,-0.0976687386510034
16,20,-0.3056945401564256
16,21,-0.0649293734720322
16,22,-0.3183775555102285
16,23,0.2483413476949671
16,24,-0.0425741544101461
16,25,-0.0973453318922469
16,26,0.5922227349059139
16,27,0.2237535624189232
16,28,-0.1465893765705135
16,29,-0.240817003437902
16,30,0.2401076462373483
16,31,0.0079316841050136
16,32,0.2540300211561219
16,33,-0.1003064824493776
16,34,0.4641203748386419
16,35,0.0
16,36,-0.4004771630529816
16,37,0.4030127147695418
16,38,-0.2371873262251148
16,39,0.2740848591979957
16,40,0.2171343353579961
16,41,-0.0213647830030738
16,42,-0.0696874220207087
16,43,0.0445436737864007
16,44,-0.2403556855398326
16,45,0.0025951121045591
16,46,-0.3395796016274667
16,47,0.2869508997981
16,48,-0.0884401850030489
16,49,-0.0191468761382812
16,50,0.3604017421084859
16,51,-0.0254620981614043
16,52,-0.3600210843107123
16,53,-0.3182012958715079
16,54,-0.3199424711495618
16,55,-0.3524064308889069
16,56,0.1330660818137137
16,57,-0.0374590580204291
16,58,-0.2363698388234432
16,59,-0.1772258431781404
16,60,-0.4208725841876634
16,61,-0.3336445959111327
16,62,0.1513303868262258
16,63,-0.4135564021717362
17,0,0.2355529758369658
17,1,0.3125029629101081
17,2,0.2441665851732498
17,3,-0.2067804618569372
17,4,0.0
17,5,0.359022806037418
17,6,-0.0727944700208036
17,7,0.0641498313059028
17,8,-0.1038457888889512
17,9,-0.1301058058007689
17,10,0.2342535491951207
17,11,0.2033866490598383
17,12,0.0489526680691428
17,13,-0.0925639631787469
17,14,-0.0971413881086251
17,15,-0.1165535312697392
17,16,-0.2649180948675694
17,17,1.0
17,18,0.2711083828736318
17,19,-0.2643298175123026
17,20,-0.0816510946559206
17,21,0.2920728652127115
17,22,0.4305613515581987
17,23,-0.1084800767391909
17,24,0.1266492333867488
17,25,-0.0071964162132217
17,26,-0.2361489703260677
17,27,-0.1770284579672263
17,28,0.0827287351028585
17,29,0.2713837389108915
17,30,-0.1276815315017277
17,31,0.0034313344154802
17,32,-0.1209846272568836
17,33,0.3933572148743397
17,34,-0.1205575993956629
17,35,0.0
17,36,0.15815940119604
17,37,-0.0471584274197664
17,38,0.2085057381149483
17,39,-0.2347227453293351
17,40,-0.095615155238323
17,41,-0.07652529136495
17,42,0.0454119292021428
17,43,-0.2491472451064549
17,44,0.1658060563626991
17,45,-0.0220555471660283
17,46,0.102768920144361
17,47,-0.2391506208086032
17,48,0.3674577086571
17,49,-0.1476062125967392
17,50,-0.2795828461763945
17,51,0.003924703214334
17,52,0.2272798265652973
17,53,0.2533159842973349
17,54,0.0103525480946476
17,55,-0.0241750803647472
17,56,-0.2960539463700583
17,57,0.0134845877688769
17,58,0.3017154707651055
17,59,0.1747471281312196
17,60,0.2208937764310008
17,61,0.2289793770255494
17,62,-0.3236663411241481
17,63,0.1691877403784698
18,0,0.8988370036435104
18,1,0.872235516479517
18,2,0.5514121943223365
18,3,0.1542500722346195
18,4,0.0
18,5,0.8189807933428612
18,6,0.0757436047997766
18,7,0.0319929455094509
18,8,-0.0072223087504982
18,9,0.0727996561384265
18,10,-0.0619994212283328
18,11,0.5573370731092722
18,12,0.6804004458053163
18,13,-0.077291668917584
18,14,0.2945963630507509
18,15,0.2960942133100606
18,16,-0.2402611658747735
18,17,0.2711083828736318
18,18,1.0
18,19,0.0395183420273833
18,20,0.1574420473843616
18,21,0.0317500669087531
18,22,0.2353446913345548
18,23,-0.3504389642734146
18,24,0.7083394510473205
18,25,0.2348129163395642
18,26,-0.1342585286539765
18,27,-0.1545610854347259
18,28,0.318388868969849
18,29,0.3242062170616602
18,30,-0.1353471625955787
18,31,-0.0122864915620948
18,32,-0.0105554163788659
18,33,0.0576465740663565
18,34,-0.2591693914952268
18,35,0.0
18,36,0.6435242738185751
18,37,0.0549192023958835
18,38,0.8989285804431146
18,39,-0.3418843236956195
18,40,-0.42286665947362
18,41,0.1669401168615434
18,42,0.0984278526800468
18,43,-0.1970234881015616
18,44,0.8717768769369224
18,45,0.5941269481243976
18,46,0.020269720685928
18,47,-0.3999847506095774
18,48,0.4823005762885861
18,49,0.3309141628698294
18,50,-0.294144612205419
18,51,0.0759280446503099
18,52,0.0425123528523471
18,53,0.4918052300701295
18,54,0.3927710822962229
18,55,0.5442326776807532
18,56,0.0825698003110779
18,57,0.1708006906460543
18,58,0.7388376881453408
18,59,0.0155098117635549
18,60,0.7269223988994383
18,61,0.7332468818739999
18,62,0.3618215935497768
18,63,0.5145637850469905
19,0,-0.0061943775719783
19,1,-0.066595102661362
19,2,-0.2555845915152395
19,3,-0.0081082860638218
19,4,0.0
19,5,0.0647835108024881
19,6,-0.0711472005034413
19,7,0.0308348943053829
19,8,-0.1727852684656672
19,9,0.1063641741918206
19,10,-0.0742840169759645
19,11,-0.1718003734136194
19,12,0.248049546209141
19,13,-0.0681728074910833
19,14,0.3403022344749843
19,15,0.462456113721256
19,16,-0.0976687386510034
19,17,-0.2643298175123026
19,18,0.0395183420273833
19,19,1.0
19,20,0.3807710154213836
19,21,-0.2578506415759992
19,22,0.0418733199623365
19,23,-0.1995196147255936
19,24,0.0231978125260306
19,25,0.171780884575768
19,26,-0.0360938554153843
19,27,-0.1257213373421439
19,28,0.0375921242503117
19,29,-0.0421158865956254
19,30,-0.1851154763620409
19,31,-0.0895037696285177
19,32,-0.0446704320649118
19,33,-0.4478014605692911
19,34,-0.126298043073555
19,35,0.0
19,36,0.1138154727089386
19,37,-0.1897498751353068
19,38,0.0445660697410036
19,39,-0.1230208211751143
19,40,-0.2168967084552542
19,41,0.0957749134388766
19,42,-0.0175891105501624
19,43,0.1280028219711558
19,44,0.1659335532878021
19,45,0.1706296463190367
19,46,0.0657213154601127
19,47,-0.1086633642970462
19,48,-0.2781502689907112
19,49,0.4180293001419731
19,50,-0.0792040139839083
19,51,-0.0353404824934117
19,52,-0.153494509272435
19,53,0.1476064638934262
19,54,0.2700696033841621
19,55,0.2690346828548172
19,56,0.2022960220678474
19,57,0.0605796474312326
19,58,-0.028549557453067
19,59,-0.1946761972835849
19,60,0.1826247936838003
19,61,0.0505313833138181
19,62,0.2020359549304901
19,63,0.2349658182342021
20,0,0.0733195172206985
20,1,0.1079138977068524
20,2,-0.1180223962877476
20,3,0.0386231959185964
20,4,0.0
20,5,0.2261561634737568
20,6,0.1794413389754886
20,7,-0.1062632593110771
20,8,-0.1969294837921726
20,9,-0.1474457221448442
20,10,0.1000181738749559
20,11,-0.1887482949393203
20,12,0.1714566908779758
20,13,-0.2207874608585888
20,14,0.2741895882915843
20,15,0.4469243828223095
20,16,-0.3056945401564256
20,17,-0.0816510946559206
20,18,0.1574420473843616
20,19,0.3807710154213836
20,20,1.0
20,21,-0.2173993267664968
20,22,0.0858740730180012
20,23,-0.182647101296823
20,24,0.0511102684264098
20,25,0.0729111548296907
20,26,-0.2152073155161179
20,27,-0.0392643003826149
20,28,0.0684402654816713
20,29,-0.0439178034605577
20,30,-0.0967407395457392
20,31,0.0200828816167235
20,32,-0.1551498710447164
20,33,-0.287291843330482
20,34,-0.2911025394673334
20,35,0.0
20,36,0.3748636017644478
20,37,-0.2512348194149491
20,38,0.1755576035564433
20,39,-0.0929256570140684
20,40,-0.2356657270509548
20,41,0.0348657088561358
20,42,0.0367836248873948
20,43,0.1231293712790931
20,44,0.2143464557693807
20,45,0.085286546378392
20,46,0.1923266017135097
20,47,-0.1415787683605154
20,48,-0.0919432694126012
20,49,0.2087896199880748
20,50,-0.1080304313838371
20,51,0.0279438860726803
20,52,0.024626868658098
20,53,0.1351007652492812
20,54,0.5194056712990389
20,55,0.54282207855254
20,56,0.2963482223048689
20,57,0.0017945807327379
20,58,0.0737169116954731
20,59,-0.0013642492251549
20,60,0.3134242261023976
20,61,0.2123023623209921
20,62,0.1868234127631104
20,63,0.342353197947608
21,0,-0.0180827456926276
21,1,-0.043571715808819
21,2,-0.1056569143679731
21,3,0.0010982340740739
21,4,0.0
21,5,-0.0148428483251204
21,6,0.0210913957445019
21,7,0.4164220592424703
21,8,0.2145861935589479
21,9,0.239587772038315
21,10,-0.0424004454399465
21,11,-0.1456727965676027
21,12,-0.0369297919997376
21,13,0.3535664608260274
21,14,-0.4575321536680157
21,15,-0.2352421592201367
21,16,-0.0649293734720322
21,17,0.2920728652127115
21,18,0.0317500669087531
21,19,-0.2578506415759992
21,20,-0.2173993267664968
21,21,1.0
21,22,0.0914345448719956
21,23,0.0986753773353796
21,24,-0.1412833949791483
21,25,-0.0784296618616491
21,26,-0.0343617228478283
21,27,0.063925385463335
21,28,-0.0427848606797144
21,29,-0.0194585945393216
21,30,0.0606456280061975
21,31,-0.0035528363328074
21,32,0.1345883699937906
21,33,0.5653917928451209
21,34,0.0398493042662386
21,35,0.0
21,36,-0.1207115248236816
21,37,-0.0883467757980757
21,38,-0.082420558664422
21,39,0.0594169275560014
21,40,0.080650694471214
21,41,-0.2069133861609131
21,42,-0.0120823636315325
21,43,-0.5824905324658991
21,44,0.0069297967373463
21,45,-0.225150914790836
21,46,-0.0824500123350559
21,47,-0.0529956474933556
21,48,0.0321877656160687
21,49,-0.2097863881653551
21,50,0.0155253214937577
21,51,-0.0201416668212354
21,52,0.1816304456287598
21,53,-0.0545028750319052
21,54,-0.1111541885206362
21,55,-0.1528996128236762
21,56,-0.1260875036793893
21,57,0.0114903899811722
21,58,-0.0118569022122904
21,59,0.0291744142124318
21,60,-0.111257758341611
21,61,-0.1579366006991459
21,62,-0.2814499808284061
21,63,-0.2142119042711494
22,0,0.1490848039954369
22,1,0.2750295378208944
22,2,0.1597805628647278
22,3,-0.3845855241140303
22,4,0.0
22,5,0.3734820567291423
22,6,-0.216887530991678
22,7,0.2113287553629418
22,8,-0.2359012812055996
22,9,-0.1774192688404463
22,10,0.2218352888380012
22,11,0.1563247493972065
22,12,0.0251862091137612
22,13,-0.1066055402447847
22,14,0.2059686831869805
22,15,0.0817376595071026
22,16,-0.3183775555102285
22,17,0.4305613515581987
22,18,0.2353446913345548
22,19,0.0418733199623365
22,20,0.0858740730180012
22,21,0.0914345448719956
22,22,1.0
22,23,-0.3640895907438409
22,24,0.1908929983392637
22,25,0.0307347419945729
22,26,-0.0787886931952403
22,27,-0.4179175211716818
22,28,0.1237286491388629
22,29,0.4688469268342836
22,30,-0.3791929341483535
22,31,-0.1125294645515407
22,32,-0.1815116215842677
22,33,0.2380359160894091
22,34,-0.0227942463511853
22,35,0.0
22,36,0.333382535575229
22,37,0.095125728010115
22,38,0.2295991447183765
22,39,-0.4657148707653751
22,40,-0.2516088194889049
22,41,-0.0806348616400004
22,42,-0.0740058319151189
22,43,-0.1499076854055891
22,44,0.1962051234022042
22,45,0.0638011066183598
22,46,-0.0030944522264802
22,47,-0.4230040655049834
22,48,0.1325462684197369
22,49,-0.1084431305052231
22,50,-0.4687886273942241
22,51,-0.1462823326266554
22,52,0.0743957954718114
22,53,0.2584469467947472
22,54,0.1185596248613477
22,55,0.0931223106247556
22,56,-0.274318230095896
22,57,-0.0118773924357085
22,58,0.3646567356903605
22,59,0.0293572493428319
22,60,0.3410878623751445
22,61,0.2868473406395677
22,62,-0.3440518640607605
22,63,0.3673404602437152
23,0,-0.1911540300911864
23,1,-0.4289536917236381
23,2,-0.0133277529073545
23,3,0.4207378813489309
23,4,0.0
23,5,-0.518094049118195
23,6,0.586984733656708
23,7,-0.1577657737552452
23,8,0.1635869756410122
23,9,-0.0168294992329729
23,10,0.0178912509491329
23,11,-0.2255010070573294
23,12,-0.4766367471106014
23,13,0.038985357147151
23,14,-0.5566208056080256
23,15,-0.4543985121682669
23,16,0.2483413476949671
23,17,-0.1084800767391909
23,18,-0.3504389642734146
23,19,-0.1995196147255936
23,20,-0.182647101296823
23,21,0.0986753773353796
23,22,-0.3640895907438409
23,23,1.0
23,24,-0.5161255525785816
23,25,-0.3367889532095076
23,26,-0.0035394865202418
23,27,0.850497651119772
23,28,-0.4336816868878305
23,29,-0.6943499974954914
23,30,0.8485344893814338
23,31,0.094451361528429
23,32,0.0434616172883935
23,33,0.0752392456837712
23,34,0.2617727589512305
23,35,0.0
23,36,-0.5684110881282168
23,37,-0.0918448214671197
23,38,-0.5178472107262256
23,39,0.8788029851752444
23,40,0.8892138398042596
23,41,-0.2078700859453468
23,42,-0.0534744391565466
23,43,0.1956263967670058
23,44,-0.4534069439578822
23,45,-0.5550268559615784
23,46,0.0636669558583991
23,47,0.9017297352240474
23,48,0.222644041967952
23,49,-0.2870002760418216
23,50,0.8643733513568124
23,51,0.017342019021405
23,52,0.1753034648194891
23,53,-0.4856123527161919
23,54,-0.0197344649011687
23,55,-0.3002158506547479
23,56,0.4389541506520814
23,57,-0.1283183766784876
23,58,-0.591999123620535
23,59,0.0958509720673242
23,60,-0.5992404228310672
23,61,-0.5506527423542723
23,62,0.1133764077698791
23,63,-0.6716534566384563
24,0,0.6691607890893663
24,1,0.7809390030270338
24,2,0.6461668536283689
24,3,0.076932341798635
24,4,0.0
24,5,0.7031461483926644
24,6,-0.276125352622534
24,7,0.0168501663320734
24,8,-0.0844486197444991
24,9,0.0402247550177808
24,10,-0.0708957857143378
24,11,0.6935167786322428
24,12,0.7411240566363454
24,13,-0.0557350706992184
24,14,0.4477988863171547
24,15,0.2631510671493279
24,16,-0.0425741544101461
24,17,0.1266492333867488
24,18,0.7083394510473205
24,19,0.0231978125260306
24,20,0.0511102684264098
24,21,-0.1412833949791483
24,22,0.1908929983392637
24,23,-0.5161255525785816
24,24,1.0
24,25,0.2769190951264226
24,26,0.0731742196192359
24,27,-0.4340442174842563
24,28,0.3600860696997631
24,29,0.5198526534545818
24,30,-0.3795518067347195
24,31,-0.0221880147643581
24,32,-0.002173391255899
24,33,-0.0625458001703918
24,34,-0.0559670231378578
24,35,0.0
24,36,0.4863027550086943
24,37,0.2733145137269007
24,38,0.8582106900969492
24,39,-0.5638225061772346
24,40,-0.5490323862488264
24,41,0.2963951937988
24,42,0.1204130832350516
24,43,-0.0848580183462343
24,44,0.6823676573975452
24,45,0.8773725010957331
24,46,-0.0654518701026869
24,47,-0.5048800847667302
24,48,0.4428882774999171
24,49,0.3818745784584154
24,50,-0.4813566965045583
24,51,0.09349596565469
24,52,-0.0806378433970997
24,53,0.6750072443491892
24,54,0.0520472852806552
24,55,0.3025067796364956
24,56,-0.1708192196048733
24,57,0.208040030295986
24,58,0.7970948642482546
24,59,0.0530161713185224
24,60,0.6547768284674091
24,61,0.6764392753343929
24,62,0.3019292782588468
24,63,0.5127093654683107
25,0,0.1479154147887638
25,1,0.2539402850169722
25,2,0.0411968224456837
25,3,-0.2550098758751159
25,4,0.0
25,5,0.3132369100330788
25,6,-0.2252831928685009
25,7,0.0403649869635977
25,8,0.0239071956191595
25,9,0.3256312496820973
25,10,-0.1782880399298153
25,11,0.1560743025843599
25,12,0.2769446313853049
25,13,0.1049670377655274
25,14,0.3300531839900236
25,15,0.2034483308469523
25,16,-0.0973453318922469
25,17,-0.0071964162132217
25,18,0.2348129163395642
25,19,0.171780884575768
25,20,0.0729111548296907
25,21,-0.0784296618616491
25,22,0.0307347419945729
25,23,-0.3367889532095076
25,24,0.2769190951264226
25,25,1.0
25,26,0.0866724233648775
25,27,-0.3505203056079246
25,28,0.646346594363613
25,29,0.3140544898310633
25,30,-0.3753722245283105
25,31,0.0249174846568297
25,32,0.2677811004298781
25,33,-0.1024270120665311
25,34,-0.161491862705959
25,35,0.0
25,36,0.3126147947939572
25,37,0.1451978455119377
25,38,0.2798134506496968
25,39,-0.3860452823030958
25,40,-0.2678591534266129
25,41,0.663975721237118
25,42,0.374031526641276
25,43,-0.0457703094924057
25,44,0.2982144288028954
25,45,0.3049116316904848
25,46,-0.0387843449502261
25,47,-0.3530343838322179
25,48,-0.0424428841228989
25,49,0.0600442915882077
25,50,-0.3583834309047647
25,51,0.2702508742577513
25,52,-0.0182693230895103
25,53,0.2533854100872812
25,54,0.1617335907130967
25,55,0.1430766334644212
25,56,-0.0841322707000246
25,57,0.4523149384592885
25,58,0.3595465188523783
25,59,-0.1878282558007455
25,60,0.3279496232290307
25,61,0.2646552519424021
25,62,-0.0057372783086736
25,63,0.3582623246002062
26,0,-0.088573323947732
26,1,-0.0417916016951534
26,2,0.0797413859642989
26,3,-0.0224062138764529
26,4,0.0
26,5,-0.1865850244742116
26,6,-0.1061797206702128
26,7,0.0613272613320521
26,8,0.1740259693085928
26,9,0.2264174485394311
26,10,-0.3785149950953908
26,11,0.1318552097667072
26,12,-0.0569751303587323
26,13,0.2953834862730351
26,14,0.1338496239442354
26,15,-0.2876773441783989
26,16,0.5922227349059139
26,17,-0.2361489703260677
26,18,-0.1342585286539765
26,19,-0.0360938554153843
26,20,-0.2152073155161179
26,21,-0.0343617228478283
26,22,-0.0787886931952403
26,23,-0.0035394865202418
26,24,0.0731742196192359
26,25,0.0866724233648775
26,26,1.0
26,27,0.0228590700030019
26,28,0.0795419003744513
26,29,0.0055023674533417
26,30,0.0300137296805024
26,31,-0.0270107017655734
26,32,0.2473081154587504
26,33,-0.0165930611425824
26,34,0.6662200537547331
26,35,0.0
26,36,-0.1204166306715885
