x,y,value
0,0,1.0
1,0,0.8169328325057663
2,0,0.6303498589086325
3,0,0.2644772548743459
4,0,0.0
5,0,0.7034938352610696
6,0,0.24372180266740104
7,0,-0.01883455268140753
8,0,0.04428599007575354
9,0,0.07811217155726545
10,0,-0.06045540163983275
11,0,0.5897288727674089
12,0,0.5580618487508933
13,0,-0.10243653765230133
14,0,0.2128394458721296
15,0,0.18613691261234122
16,0,-0.10947444478196983
17,0,0.2355529758369658
18,0,0.8988370036435104
19,0,-0.006194377571978384
20,0,0.07331951722069853
21,0,-0.01808274569262763
22,0,0.14908480399543694
23,0,-0.1911540300911864
24,0,0.6691607890893663
25,0,0.14791541478876388
26,0,-0.08857332394773208
27,0,0.013745778236705525
28,0,0.22642874678560634
29,0,0.17528157173731757
30,0,0.07626148915094026
31,0,0.03954457178035484
32,0,-0.00015933332565655207
33,0,0.0057911463012217754
34,0,-0.1575401639878538
35,0,0.0
36,0,0.520599211479604
37,0,0.10902003952380565
38,0,0.8101138606305661
39,0,-0.15425371100355303
40,0,-0.26590944878053
41,0,0.13719612695005032
42,0,0.10430625803539718
43,0,-0.1157380124174332
44,0,0.7419174740839315
45,0,0.5054363009992077
46,0,-0.028996413290862232
47,0,-0.19065929952314045
48,0,0.5627351013299526
49,0,0.28605618764501994
50,0,-0.10853154966977012
51,0,0.1149745786351451
52,0,-0.017220034528375557
53,0,0.3712502373438867
54,0,0.34096572570259936
55,0,0.47876358254699614
56,0,0.18171793230045227
57,0,0.14115944774643965
58,0,0.596231179464463
59,0,0.05908246432047364
60,0,0.5959003538407296
61,0,0.63905079702541
62,0,0.4191056929187485
63,0,0.37121695635435636
0,1,0.8169328325057663
1,1,1.0
2,1,0.5932622650008256
3,1,0.13228399352055836
4,1,0.0
5,1,0.9028207902531707
6,1,-0.007055324710621388
7,1,-0.028327360949227224
8,1,-0.0628573895988749
9,1,0.01890709487050419
10,1,-0.0665800036069361
11,1,0.6797080136089625
12,1,0.6836501932624897
13,1,-0.10860519745523446
14,1,0.36782717201888165
15,1,0.24412981587745047
16,1,-0.2255731209145228
17,1,0.31250296291010815
18,1,0.872235516479517
19,1,-0.06659510266136204
20,1,0.10791389770685242
21,1,-0.04357171580881905
22,1,0.2750295378208944
23,1,-0.4289536917236381
24,1,0.7809390030270338
25,1,0.2539402850169722
26,1,-0.04179160169515345
27,1,-0.24391022833712397
28,1,0.3521828290053717
29,1,0.4370714217398937
30,1,-0.23790641479773333
31,1,0.016636846378754542
32,1,-0.025910882987985745
33,1,0.04154165780242411
34,1,-0.2347239673339377
35,1,0.0
36,1,0.6534308920916675
37,1,0.17405412114555707
38,1,0.9430077298634734
39,1,-0.44973618554257
40,1,-0.4828724477338929
41,1,0.21978314018082606
42,1,0.14290522653625345
43,1,-0.14734650028939048
44,1,0.8847002905449348
45,1,0.6929674896427523
46,1,-0.026445252983217826
47,1,-0.4448392589961362
48,1,0.46226232060889416
49,1,0.21033249959444122
50,1,-0.4226303455742992
51,1,0.1234403417896803
52,1,-0.00032410021017256773
53,1,0.6278831945273773
54,1,0.2554804069443988
55,1,0.4825138223014141
56,1,-0.04022889021638048
57,1,0.1995155016070738
58,1,0.839290209754148
59,1,0.09970928512504319
60,1,0.7723604411411048
61,1,0.7986495233418708
62,1,0.2926658179788776
63,1,0.5650328488030781
0,2,0.6303498589086325
1,2,0.5932622650008256
2,2,1.0
3,2,0.2251689600912513
4,2,0.0
5,2,0.4529125792052201
6,2,0.11446040044584958
7,2,-0.10044532302964602
8,2,0.007057976285645904
9,2,-0.037024305193602745
10,2,-0.04551560037487489
11,2,0.7618615835801548
12,2,0.31866462871446727
13,2,-0.102312237074041
14,2,0.17232649149528959
15,2,-0.11134491698984321
16,2,0.11696991308806932
17,2,0.2441665851732498
18,2,0.5514121943223365
19,2,-0.2555845915152395
20,2,-0.1180223962877476
21,2,-0.10565691436797313
22,2,0.15978056286472786
23,2,-0.01332775290735456
24,2,0.6461668536283689
25,2,0.04119682244568373
26,2,0.07974138596429896
27,2,0.015575872497989187
28,2,0.10617241241821351
29,2,0.1886315244146767
30,2,0.10342873455318813
31,2,0.012591998772579258
32,2,0.0055039125431225674
33,2,0.058705141805741816
34,2,0.07757237316759942
35,2,0.0
36,2,0.2710843226431017
37,2,0.36468249707509476
38,2,0.5373323600679021
39,2,-0.1060526713325237
40,2,-0.07324188924432039
41,2,0.11708326909654641
42,2,0.03757741792284293
43,2,0.01777857643321356
44,2,0.38891661798421323
45,2,0.3924137294381094
46,2,-0.10441614208355621
47,2,-0.0473704746167786
48,2,0.709624097545141
49,2,0.005494727797172477
50,2,-0.059310431902796085
51,2,0.056138470980342456
52,2,-0.0329422068928601
53,2,0.2704717298347669
54,2,0.08081021824257158
55,2,0.12570712983750001
56,2,0.015505318806884114
57,2,0.0690193178334623
58,2,0.5592795537462905
59,2,0.10274483042407893
60,2,0.35719848604595816
61,2,0.4335181242995693
62,2,0.2733722986282928
63,2,0.18147849890535206
0,3,0.2644772548743459
1,3,0.13228399352055836
2,3,0.2251689600912513
3,3,1.0
4,3,0.0
5,3,-0.046634080445559514
6,3,0.516098378227312
7,3,-0.08211135297674126
8,3,0.22860105619999915
9,3,0.08255841930572941
10,3,-0.16999735071665897
11,3,0.1708988200167014
12,3,0.27835889676694975
13,3,-0.08628052869383403
14,3,-0.24330564660686804
15,3,-0.07082147315393955
16,3,0.21779702970545742
17,3,-0.20678046185693724
18,3,0.1542500722346195
19,3,-0.008108286063821834
20,3,0.03862319591859645
21,3,0.0010982340740739575
22,3,-0.38458552411403035
23,3,0.4207378813489309
24,3,0.07693234179863503
25,3,-0.2550098758751159
26,3,-0.022406213876452908
27,3,0.6518556296593346
28,3,-0.2640406247652868
29,3,-0.5571721568932495
30,3,0.6304280829613959
31,3,0.09345004179396586
32,3,0.02384207472196767
33,3,-0.14748919438205876
34,3,0.00480501779173339
35,3,0.0
36,3,-0.15945475731272035
37,3,-0.14191377171303782
38,3,0.12050086635127283
39,3,0.5777353196982934
40,3,0.23660138499185607
41,3,-0.153796118557613
42,3,-0.032655855051465045
43,3,0.09116753043811171
44,3,0.1533792539885189
45,3,0.08114361414440348
46,3,-0.0068202166397951175
47,3,0.45858891183763195
48,3,0.2448433683429962
49,3,0.16302060324970594
50,3,0.5882612850897591
51,3,0.043496350258175165
52,3,-0.0697575244890655
53,3,-0.09899676264276058
54,3,0.07175420612727705
55,3,0.14220700499787742
56,3,0.45859084403248973
57,3,-0.10683881716267757
58,3,-0.12918409305377768
59,3,0.10918625614542428
60,3,-0.12315871930862907
61,3,-0.07071726155940881
62,3,0.7309065563656961
63,3,-0.3169715143058217
0,4,0.0
1,4,0.0
2,4,0.0
3,4,0.0
4,4,0.0
5,4,0.0
6,4,0.0
7,4,0.0
8,4,0.0
9,4,0.0
10,4,0.0
11,4,0.0
12,4,0.0
13,4,0.0
14,4,0.0
15,4,0.0
16,4,0.0
17,4,0.0
18,4,0.0
19,4,0.0
20,4,0.0
21,4,0.0
22,4,0.0
23,4,0.0
24,4,0.0
25,4,0.0
26,4,0.0
27,4,0.0
28,4,0.0
29,4,0.0
30,4,0.0
31,4,0.0
32,4,0.0
33,4,0.0
34,4,0.0
35,4,0.0
36,4,0.0
37,4,0.0
38,4,0.0
39,4,0.0
40,4,0.0
41,4,0.0
42,4,0.0
43,4,0.0
44,4,0.0
45,4,0.0
46,4,0.0
47,4,0.0
48,4,0.0
49,4,0.0
50,4,0.0
51,4,0.0
52,4,0.0
53,4,0.0
54,4,0.0
55,4,0.0
56,4,0.0
57,4,0.0
58,4,0.0
59,4,0.0
60,4,0.0
61,4,0.0
62,4,0.0
63,4,0.0
0,5,0.7034938352610696
1,5,0.9028207902531707
2,5,0.4529125792052201
3,5,-0.046634080445559514
4,5,0.0
5,5,1.0
6,5,-0.08477222533606822
7,5,-0.01101356138520008
8,5,-0.15684051741586935
9,5,-0.04778538031479549
10,5,0.0046728691265090225
11,5,0.4961076368364056
12,5,0.6363369495400529
13,5,-0.1256871400568984
14,5,0.40587827158060263
15,5,0.3809639837843413
16,5,-0.4513335998413199
17,5,0.35902280603741804
18,5,0.8189807933428612
19,5,0.06478351080248812
20,5,0.22615616347375683
21,5,-0.014842848325120457
22,5,0.3734820567291423
23,5,-0.518094049118195
24,5,0.7031461483926644
25,5,0.31323691003307885
26,5,-0.18658502447421163
27,5,-0.3747747774000298
28,5,0.4083111568865886
29,5,0.5179102244960653
30,5,-0.3984456551559076
31,5,-0.012241242996164768
32,5,-0.10715455954478775
33,5,0.05843532702376456
34,5,-0.3647724029996272
35,5,0.0
36,5,0.7438566077012447
37,5,0.06201871587713676
38,5,0.8665837548955502
39,5,-0.5684515545089769
40,5,-0.5667799328325627
41,5,0.22482198680073676
42,5,0.14907646575562059
43,5,-0.17711518716627478
44,5,0.8837934347059517
45,5,0.614555108543191
46,5,0.07467326096786764
47,5,-0.5656241409399736
48,5,0.36688109471922026
49,5,0.2184752268051813
50,5,-0.5839347958220577
51,5,0.10906229200918165
52,5,0.08877035730645172
53,5,0.735269518648727
54,5,0.36492283748004845
55,5,0.5602586987424213
56,5,-0.11027275975718388
57,5,0.20842898497232018
58,5,0.8807523963267632
59,5,0.06678374579204555
60,5,0.9045763394787241
61,5,0.8179692837396433
62,5,0.1641975953038276
63,5,0.695187161488995
0,6,0.24372180266740104
1,6,-0.007055324710621388
2,6,0.11446040044584958
3,6,0.516098378227312
4,6,0.0
5,6,-0.08477222533606822
6,6,1.0
7,6,-0.18864777182347364
8,6,0.1366951983588396
9,6,-0.06060347951763019
10,6,-0.024772706378137284
11,6,-0.15945370606377696
12,6,-0.22139697653467105
13,6,-0.11223299020629648
14,6,-0.2781362038035998
15,6,-0.13851290549723583
16,6,-0.0016428967646334148
17,6,-0.07279447002080364
18,6,0.0757436047997766
19,6,-0.07114720050344134
20,6,0.17944133897548864
21,6,0.021091395744501966
22,6,-0.216887530991678
23,6,0.586984733656708
24,6,-0.27612535262253407
25,6,-0.22528319286850093
26,6,-0.10617972067021289
27,6,0.7779893816907479
28,6,-0.24608799249660923
29,6,-0.610221619375091
30,6,0.7719727459408284
31,6,0.14296860645917864
32,6,-0.05628306613121569
33,6,-0.0569277557834677
34,6,0.005429300598239928
35,6,0.0
36,6,0.026207192181544957
37,6,-0.1260463987917154
38,6,-0.0748604774221088
39,6,0.7270050873739448
40,6,0.500076862420185
41,6,-0.17240320663169179
42,6,0.008748988330075359
43,6,0.11974386311053829
44,6,-0.017035087536279105
45,6,-0.3823613695258192
46,6,0.06927863901579372
47,6,0.6272681304509293
48,6,0.2158446352789897
49,6,-0.19991382369144586
50,6,0.6492056188527138
51,6,0.10348989393053422
52,6,0.07338062177267354
53,6,-0.3574946134903103
54,6,0.4802081520915613
55,6,0.33614645635318996
56,6,0.6646844680571103
57,6,-0.11032775345256322
58,6,-0.2881060324914689
59,6,0.08559433287786465
60,6,-0.11364356628435521
61,6,-0.09057544981101318
62,6,0.31840977057243713
63,6,-0.24467796714281587
0,7,-0.01883455268140753
1,7,-0.028327360949227224
2,7,-0.10044532302964602
3,7,-0.08211135297674126
4,7,0.0
5,7,-0.01101356138520008
6,7,-0.18864777182347364
7,7,1.0
8,7,0.1433702661752166
9,7,0.18883953431162823
10,7,-0.031609450377312796
11,7,0.041228556456529404
12,7,0.13991102058241192
13,7,0.3090369009971082
14,7,-0.026456451027060245
15,7,0.0736327214354636
16,7,0.16634411113331332
17,7,0.06414983130590284
18,7,0.031992945509450914
19,7,0.030834894305382915
20,7,-0.10626325931107712
21,7,0.41642205924247033
22,7,0.21132875536294182
23,7,-0.15776577375524523
24,7,0.016850166332073452
25,7,0.04036498696359772
26,7,0.06132726133205212
27,7,-0.165270756995105
28,7,0.05445316857226213
29,7,0.18170348828760047
30,7,-0.19738978344779917
31,7,-0.06827436052994504
32,7,0.07252979631666348
33,7,0.18733381889718778
34,7,0.01681019145587461
35,7,0.0
36,7,-0.025783041738927794
37,7,-0.06159559907528549
38,7,-0.013231261856074357
39,7,-0.16381528096225745
40,7,-0.11131000974061349
41,7,-0.015957795686819227
42,7,-0.04204904805712647
43,7,-0.26711156331588676
44,7,0.1030339170205235
45,7,0.07907855266517674
46,7,-0.07838651878091603
47,7,-0.20826163005874931
48,7,-0.12408371314800823
49,7,0.13471326652136914
50,7,-0.09622062811090767
51,7,-0.07030171918445279
52,7,-0.07090534347028901
53,7,0.06979196539582705
54,7,-0.1039408728081148
55,7,-0.059247600395740785
56,7,-0.10986520448250171
57,7,0.034321690737281065
58,7,0.0006338753477985017
59,7,-0.12134916436985625
60,7,-0.042709700861577396
61,7,-0.09798662125241049
62,7,-0.12710780966963905
63,7,-0.003979311259630632
0,8,0.04428599007575354
1,8,-0.0628573895988749
2,8,0.007057976285645904
3,8,0.22860105619999915
4,8,0.0
5,8,-0.15684051741586935
6,8,0.1366951983588396
7,8,0.1433702661752166
8,8,1.0
9,8,0.38973268792644933
10,8,-0.2986087004178211
11,8,-0.012725501149825003
12,8,-0.05077678774446269
13,8,0.3157918827488143
14,8,-0.26127074877157225
15,8,-0.2164361843407751
16,8,0.2550979284721597
17,8,-0.10384578888895124
18,8,-0.007222308750498224
19,8,-0.17278526846566725
20,8,-0.19692948379217265
21,8,0.21458619355894798
22,8,-0.2359012812055996
23,8,0.16358697564101224
24,8,-0.0844486197444991
25,8,0.023907195619159598
26,8,0.17402596930859288
27,8,0.2220242699147013
28,8,0.16740294128482297
29,8,-0.272894115479144
30,8,0.22664467371097957
31,8,0.028045346624726644
32,8,0.32662108516844235
33,8,0.16775914904885061
34,8,0.06824952003963825
35,8,0.0
36,8,-0.08605286197011854
37,8,0.17099450438699706
38,8,-0.07359576817742318
39,8,0.23957828570514544
40,8,0.08558499761642781
41,8,0.032629617372280574
42,8,0.0193865034357937
43,8,-0.2305534834543705
44,8,-0.05123518963962897
45,8,-0.12036648678981389
46,8,-0.2969811239745435
47,8,0.11284608735514319
48,8,-0.08196078938007927
49,8,-0.135396593847026
50,8,0.2116463124281388
51,8,0.02271486315155077
52,8,-0.19559712852957709
53,8,-0.2958213319270862
54,8,-0.0668357865616896
55,8,-0.07231050188239803
56,8,0.10391517808357947
57,8,0.048428578642154
58,8,-0.06365071050441325
59,8,-0.12818890930316018
60,8,-0.1565045979495073
61,8,-0.08783592914869698
62,8,0.13746445922262654
63,8,-0.34039763115285987
0,9,0.07811217155726545
1,9,0.01890709487050419
2,9,-0.037024305193602745
3,9,0.08255841930572941
4,9,0.0
5,9,-0.04778538031479549
6,9,-0.06060347951763019
7,9,0.18883953431162823
8,9,0.38973268792644933
9,9,1.0
10,9,-0.3411798117869638
11,9,0.042727661065116475
12,9,0.14178432812252792
13,9,0.32377723744671116
14,9,-0.10062145322672372
15,9,-0.06849240447760721
16,9,0.22916135947604435
17,9,-0.13010580580076897
18,9,0.07279965613842651
19,9,0.10636417419182066
20,9,-0.1474457221448442
21,9,0.23958777203831508
22,9,-0.17741926884044631
23,9,-0.016829499232972903
24,9,0.040224755017780875
25,9,0.32563124968209733
26,9,0.2264174485394311
27,9,-0.0014618781334854415
28,9,0.20855800026192944
29,9,-0.12341315971511034
30,9,-0.01338739917178299
31,9,-0.08945650881878055
32,9,0.6363590986193199
33,9,0.030091167055627074
34,9,0.04924361262022101
35,9,0.0
36,9,-0.055711815422053106
37,9,0.17326946517393865
38,9,0.03395450612727123
39,9,0.010101711668876329
40,9,-0.05051254017689908
41,9,0.1936893182989086
42,9,0.06585608693261795
43,9,-0.28421989542912246
44,9,0.09761303816070283
45,9,0.058514825416862926
46,9,-0.30431428777406816
47,9,-0.06325459780696749
48,9,-0.14763841430050392
49,9,-0.003424398004087341
50,9,0.021896152038911543
51,9,0.03976579672659969
52,9,-0.170424076993821
53,9,-0.13239414139430328
54,9,-0.023795449613305736
55,9,-0.09609674728251677
56,9,0.04158804392446231
57,9,0.14976971111166376
58,9,0.054586465466020286
59,9,-0.1963982487456404
60,9,-0.04297034924330365
61,9,-0.027865832832664143
62,9,0.08949924862775405
63,9,-0.13233078551298535
0,10,-0.06045540163983275
1,10,-0.0665800036069361
2,10,-0.04551560037487489
3,10,-0.16999735071665897
4,10,0.0
5,10,0.0046728691265090225
6,10,-0.024772706378137284
7,10,-0.031609450377312796
8,10,-0.2986087004178211
9,10,-0.3411798117869638
10,10,1.0
11,10,-0.09133408046896803
12,10,-0.10952431802655371
13,10,-0.2546760748974317
14,10,-0.13124731994994013
15,10,0.19036025356602587
16,10,-0.30007125160954456
17,10,0.23425354919512079
18,10,-0.0619994212283328
19,10,-0.07428401697596454
20,10,0.10001817387495592
21,10,-0.0424004454399465
22,10,0.22183528883800122
23,10,0.017891250949132943
24,10,-0.0708957857143378
25,10,-0.1782880399298153
26,10,-0.3785149950953908
27,10,-0.07533396515573089
28,10,-0.18520668315353236
29,10,0.13337367442444845
30,10,-0.0463433626819892
31,10,0.020133474094002422
32,10,-0.268314687869945
33,10,0.06298403030797194
34,10,-0.14860154500951422
35,10,0.0
36,10,-0.07080998207589165
37,10,-0.33995882844981823
38,10,-0.06439507266327908
39,10,-0.04732456126709837
40,10,0.07934870000084003
41,10,-0.12320071778848615
42,10,-0.04037667974774411
43,10,0.20065690265750752
44,10,-0.1264952147439897
45,10,-0.0878323954529129
46,10,0.5840639861132203
47,10,-0.0014674358145362507
48,10,0.13994094154058775
49,10,0.08940781240615747
50,10,-0.05686174306684094
51,10,-0.030246685476365137
52,10,0.33865359085542834
53,10,0.12421210555105222
54,10,-0.03876145845487826
55,10,-0.02714690620285039
56,10,-0.1937883145569825
57,10,-0.11570541856355816
58,10,-0.13712972748421345
59,10,0.21660904916806833
60,10,-0.05070922613155136
61,10,-0.028659012130825865
62,10,-0.2237542031473242
63,10,0.06339652707099871
0,11,0.5897288727674089
1,11,0.6797080136089625
2,11,0.7618615835801548
3,11,0.1708988200167014
4,11,0.0
5,11,0.4961076368364056
6,11,-0.15945370606377696
7,11,0.041228556456529404
8,11,-0.012725501149825003
9,11,0.042727661065116475
10,11,-0.09133408046896803
11,11,1.0
12,11,0.5003257812337097
13,11,-0.04445761338368809
14,11,0.2963442701888384
15,11,0.028652433434414346
16,11,0.19826015059130792
17,11,0.20338664905983833
18,11,0.5573370731092722
19,11,-0.1718003734136194
20,11,-0.18874829493932033
21,11,-0.1456727965676027
22,11,0.15632474939720656
23,11,-0.22550100705732948
24,11,0.6935167786322428
25,11,0.15607430258435998
26,11,0.13185520976670725
27,11,-0.2117585223428666
28,11,0.2082031889465405
29,11,0.3741876531606637
30,11,-0.16247355076832426
31,11,-0.04341897672114325
32,11,0.032141151278417913
33,11,-0.005882498033480939
34,11,-0.008282488170934754
35,11,0.0
36,11,0.2607875795181509
37,11,0.32928600300575595
38,11,0.6121465354380424
39,11,-0.3232053062642508
40,11,-0.2592342214858627
41,11,0.22472975966596728
42,11,0.04699961006909749
43,11,0.029475880570801062
44,11,0.5068013460541698
45,11,0.6451890770669493
46,11,-0.09726881885253855
47,11,-0.2356692068400821
48,11,0.49490841829022164
49,11,0.17347838727248904
50,11,-0.22627047439876138
51,11,0.0407364117968513
52,11,-0.08624686784921479
53,11,0.41894967786099824
54,11,-0.1014225100616676
55,11,0.08799443908650677
56,11,-0.1445726653261076
57,11,0.14336915326054683
58,11,0.6060953357432196
59,11,0.04448743056638173
60,11,0.34671766509647195
61,11,0.46488299415178463
62,11,0.30296373004496585
63,11,0.2570587650804652
0,12,0.5580618487508933
1,12,0.6836501932624897
2,12,0.31866462871446727
3,12,0.27835889676694975
4,12,0.0
5,12,0.6363369495400529
6,12,-0.22139697653467105
7,12,0.13991102058241192
8,12,-0.05077678774446269
9,12,0.14178432812252792
10,12,-0.10952431802655371
11,12,0.5003257812337097
12,12,1.0
13,12,-0.013059847105202103
14,12,0.3747897040582087
15,12,0.4713017184613251
16,12,-0.06735299595472413
17,12,0.04895266806914288
18,12,0.6804004458053163
19,12,0.24804954620914102
20,12,0.17145669087797585
21,12,-0.036929791999737664
22,12,0.02518620911376122
23,12,-0.4766367471106014
24,12,0.7411240566363454
25,12,0.27694463138530495
26,12,-0.05697513035873233
27,12,-0.29856340401439
28,12,0.28413823120261295
29,12,0.3724668586626507
30,12,-0.3533212402606763
31,12,-0.03540345029760116
32,12,0.007866918990383763
33,12,-0.15331218807729338
34,12,-0.27082308453779835
35,12,0.0
36,12,0.41556943925238227
37,12,-0.08467181558914405
38,12,0.7642957483829489
39,12,-0.4501147844162792
40,12,-0.5601918360906237
41,12,0.23851902377313525
42,12,0.10312140677425029
43,12,-0.1084423875028865
44,12,0.8030270092676615
45,12,0.8310471833375332
46,12,0.05184465543414702
47,12,-0.4656600069170272
48,12,0.22329481294631123
49,12,0.6640691572604939
50,12,-0.35148721247429454
51,12,0.07436009935938331
52,12,-0.050258210659780166
53,12,0.669031433186589
54,12,0.12022525607453666
55,12,0.41200112429233304
56,12,-0.03807040111091442
57,12,0.20612644940244784
58,12,0.611570050550043
59,12,-0.03201823286719858
60,12,0.570971817803257
61,12,0.5568990194866036
62,12,0.4672306746851947
63,12,0.48235579529216943
0,13,-0.10243653765230133
1,13,-0.10860519745523446
2,13,-0.102312237074041
3,13,-0.08628052869383403
4,13,0.0
5,13,-0.1256871400568984
6,13,-0.11223299020629648
7,13,0.3090369009971082
8,13,0.3157918827488143
9,13,0.32377723744671116
10,13,-0.2546760748974317
11,13,-0.04445761338368809
12,13,-0.013059847105202103
13,13,1.0
14,13,-0.17480884636992036
15,13,-0.15861226780538332
16,13,0.24506068640909606
17,13,-0.09256396317874692
18,13,-0.07729166891758402
19,13,-0.06817280749108334
20,13,-0.22078746085858886
21,13,0.35356646082602744
22,13,-0.10660554024478479
23,13,0.03898535714715109
24,13,-0.05573507069921842
25,13,0.10496703776552749
26,13,0.2953834862730351
27,13,-0.013673137722102637
28,13,0.09928607986283527
29,13,0.007118433494862806
30,13,-0.04162574815744151
31,13,-0.06601458524160107
32,13,0.2989229513094049
33,13,0.3108330886915874
34,13,0.17461193147554405
35,13,0.0
36,13,-0.10062108090636109
37,13,0.2074786758001428
38,13,-0.10832188939328175
39,13,0.0006694706902285803
40,13,0.057086464958179685
41,13,0.018327810318194387
42,13,-0.010640064654072677
43,13,-0.3009190214865321
44,13,-0.020332854669294353
45,13,-0.018778346551559917
46,13,-0.284963960374799
47,13,-0.023296468922669355
48,13,-0.14900017071465405
49,13,-0.09467222780817691
50,13,0.017337304806941244
51,13,-0.03767596087452699
52,13,-0.18123017099230546
53,13,-0.08709936955727468
54,13,-0.12354103419020102
55,13,-0.15119534691422415
56,13,-0.05276460221370144
57,13,0.0719028686701519
58,13,-0.027361778022622477
59,13,-0.26555966762506267
60,13,-0.12131103798726216
61,13,-0.16308484268903534
62,13,-0.12075858144254528
63,13,-0.14044263784562774
0,14,0.2128394458721296
1,14,0.36782717201888165
2,14,0.17232649149528959
3,14,-0.24330564660686804
4,14,0.0
5,14,0.40587827158060263
6,14,-0.2781362038035998
7,14,-0.026456451027060245
8,14,-0.26127074877157225
9,14,-0.10062145322672372
10,14,-0.13124731994994013
11,14,0.2963442701888384
12,14,0.3747897040582087
13,14,-0.17480884636992036
14,14,1.0
15,14,0.41824639399192487
16,14,-0.04692968029913828
17,14,-0.09714138810862516
18,14,0.2945963630507509
19,14,0.34030223447498437
20,14,0.27418958829158435
21,14,-0.4575321536680157
22,14,0.20596868318698056
23,14,-0.5566208056080256
24,14,0.44779888631715475
25,14,0.3300531839900236
26,14,0.1338496239442354
27,14,-0.48199679815495183
28,14,0.33548329992239234
29,14,0.46073368923927904
30,14,-0.5076693758482942
31,14,-0.03492714842008382
32,14,-0.0991044079138177
33,14,-0.3835516943404908
34,14,-0.12564008184161257
35,14,0.0
36,14,0.5231785027537165
37,14,0.19215235009382087
38,14,0.4228260754455462
39,14,-0.549748370769252
40,14,-0.5044268756040313
41,14,0.3316660091411195
42,14,0.08316791915450036
43,14,0.16185241025869285
44,14,0.40138500802804866
45,14,0.5073522820533051
46,14,-0.0670126124175262
47,14,-0.4375161981225755
48,14,-0.07478943515340376
49,14,0.2860949393459352
50,14,-0.47996526596417655
51,14,0.05529915470767193
52,14,-0.2930836718965659
53,14,0.370943143253133
54,14,0.22674617798129978
55,14,0.34925893264132335
56,14,-0.04211447071420614
57,14,0.17615795628321165
58,14,0.4492820980481919
59,14,-0.11441361390682121
60,14,0.49126466904305954
61,14,0.452664557047195
62,14,0.12378287850952074
63,14,0.6293115470211387
0,15,0.18613691261234122
1,15,0.24412981587745047
2,15,-0.11134491698984321
3,15,-0.07082147315393955
4,15,0.0
5,15,0.3809639837843413
6,15,-0.13851290549723583
7,15,0.0736327214354636
8,15,-0.2164361843407751
9,15,-0.06849240447760721
10,15,0.19036025356602587
11,15,0.028652433434414346
12,15,0.4713017184613251
13,15,-0.15861226780538332
14,15,0.41824639399192487
15,15,1.0
16,15,-0.31126693517452764
17,15,-0.11655353126973923
18,15,0.29609421331006064
19,15,0.462456113721256
20,15,0.44692438282230956
21,15,-0.23524215922013678
22,15,0.0817376595071026
23,15,-0.4543985121682669
24,15,0.2631510671493279
25,15,0.20344833084695238
26,15,-0.2876773441783989
27,15,-0.3227960897412599
28,15,0.20880013676826392
29,15,0.26893732848213087
30,15,-0.4049140570230324
31,15,-0.050263392982924836
32,15,-0.1939815411365727
33,15,-0.33664038162915877
34,15,-0.42763213021830915
35,15,0.0
36,15,0.450117052249668
37,15,-0.3412384913391248
38,15,0.35041646749082184
39,15,-0.37965839925816625
40,15,-0.45412841179328856
41,15,0.1999844776979648
42,15,0.04345785988231847
43,15,0.18379608319901136
44,15,0.4430787359718411
45,15,0.4216593270655455
46,15,0.44024935839197504
47,15,-0.38402829566881136
48,15,-0.16380252565132825
49,15,0.555164748381207
50,15,-0.336541820395045
51,15,0.013032563482636232
52,15,0.08240621792885845
53,15,0.4002552936258942
54,15,0.3400828686837007
55,15,0.5901330492366373
56,15,0.052741459745401405
57,15,0.12370752866583157
58,15,0.22915717640165395
59,15,-0.058022453000201805
60,15,0.4500714404077447
61,15,0.36433716339578304
62,15,0.2332309637523205
63,15,0.5355444121148049
0,16,-0.10947444478196983
1,16,-0.2255731209145228
2,16,0.11696991308806932
3,16,0.21779702970545742
4,16,0.0
5,16,-0.4513335998413199
6,16,-0.0016428967646334148
7,16,0.16634411113331332
8,16,0.2550979284721597
9,16,0.22916135947604435
10,16,-0.30007125160954456
11,16,0.19826015059130792
12,16,-0.06735299595472413
13,16,0.24506068640909606
14,16,-0.04692968029913828
15,16,-0.31126693517452764
16,16,1.0
17,16,-0.2649180948675694
18,16,-0.24026116587477359
19,16,-0.09766873865100345
20,16,-0.30569454015642566
21,16,-0.06492937347203225
22,16,-0.31837755551022856
23,16,0.2483413476949671
24,16,-0.042574154410146156
25,16,-0.09734533189224694
26,16,0.5922227349059139
27,16,0.22375356241892322
28,16,-0.14658937657051352
29,16,-0.240817003437902
30,16,0.24010764623734832
31,16,0.007931684105013605
32,16,0.25403002115612194
33,16,-0.1003064824493776
34,16,0.46412037483864194
35,16,0.0
36,16,-0.40047716305298164
37,16,0.40301271476954187
38,16,-0.2371873262251148
39,16,0.2740848591979957
40,16,0.21713433535799617
41,16,-0.02136478300307383
42,16,-0.0696874220207087
43,16,0.04454367378640071
44,16,-0.24035568553983264
45,16,0.0025951121045591306
46,16,-0.33957960162746675
47,16,0.28695089979810007
48,16,-0.08844018500304898
49,16,-0.01914687613828122
50,16,0.36040174210848597
51,16,-0.02546209816140436
52,16,-0.36002108431071234
53,16,-0.31820129587150797
54,16,-0.31994247114956187
55,16,-0.3524064308889069
56,16,0.13306608181371374
57,16,-0.03745905802042919
58,16,-0.23636983882344328
59,16,-0.17722584317814044
60,16,-0.4208725841876634
61,16,-0.33364459591113277
62,16,0.15133038682622582
63,16,-0.4135564021717362
0,17,0.2355529758369658
1,17,0.31250296291010815
2,17,0.2441665851732498
3,17,-0.20678046185693724
4,17,0.0
5,17,0.35902280603741804
6,17,-0.07279447002080364
7,17,0.06414983130590284
8,17,-0.10384578888895124
9,17,-0.13010580580076897
10,17,0.23425354919512079
11,17,0.20338664905983833
12,17,0.04895266806914288
13,17,-0.09256396317874692
14,17,-0.09714138810862516
15,17,-0.11655353126973923
16,17,-0.2649180948675694
17,17,1.0
18,17,0.2711083828736318
19,17,-0.2643298175123026
20,17,-0.08165109465592069
21,17,0.2920728652127115
22,17,0.43056135155819875
23,17,-0.1084800767391909
24,17,0.1266492333867488
25,17,-0.007196416213221711
26,17,-0.23614897032606771
27,17,-0.17702845796722635
28,17,0.08272873510285851
29,17,0.27138373891089157
30,17,-0.12768153150172773
31,17,0.003431334415480223
32,17,-0.1209846272568836
33,17,0.3933572148743397
34,17,-0.12055759939566296
35,17,0.0
36,17,0.15815940119604002
37,17,-0.04715842741976642
38,17,0.20850573811494832
39,17,-0.23472274532933513
40,17,-0.09561515523832301
41,17,-0.07652529136495001
42,17,0.045411929202142834
43,17,-0.24914724510645492
44,17,0.16580605636269913
45,17,-0.02205554716602838
46,17,0.10276892014436108
47,17,-0.2391506208086032
48,17,0.3674577086571
49,17,-0.14760621259673926
50,17,-0.27958284617639456
51,17,0.003924703214334013
52,17,0.22727982656529735
53,17,0.2533159842973349
54,17,0.010352548094647676
55,17,-0.02417508036474728
56,17,-0.29605394637005833
57,17,0.013484587768876913
58,17,0.3017154707651055
59,17,0.17474712813121962
60,17,0.22089377643100086
61,17,0.2289793770255494
62,17,-0.32366634112414816
63,17,0.16918774037846981
0,18,0.8988370036435104
1,18,0.872235516479517
2,18,0.5514121943223365
3,18,0.1542500722346195
4,18,0.0
5,18,0.8189807933428612
6,18,0.0757436047997766
7,18,0.031992945509450914
8,18,-0.007222308750498224
9,18,0.07279965613842651
10,18,-0.0619994212283328
11,18,0.5573370731092722
12,18,0.6804004458053163
13,18,-0.07729166891758402
14,18,0.2945963630507509
15,18,0.29609421331006064
16,18,-0.24026116587477359
17,18,0.2711083828736318
18,18,1.0
19,18,0.03951834202738335
20,18,0.15744204738436163
21,18,0.03175006690875311
22,18,0.2353446913345548
23,18,-0.35043896427341464
24,18,0.7083394510473205
25,18,0.23481291633956425
26,18,-0.13425852865397653
27,18,-0.15456108543472594
28,18,0.318388868969849
29,18,0.3242062170616602
30,18,-0.13534716259557875
31,18,-0.01228649156209486
32,18,-0.010555416378865994
33,18,0.05764657406635651
34,18,-0.2591693914952268
35,18,0.0
36,18,0.6435242738185751
37,18,0.05491920239588359
38,18,0.8989285804431146
39,18,-0.34188432369561955
40,18,-0.42286665947362007
41,18,0.1669401168615434
42,18,0.09842785268004689
43,18,-0.1970234881015616
44,18,0.8717768769369224
45,18,0.5941269481243976
46,18,0.02026972068592804
47,18,-0.3999847506095774
48,18,0.48230057628858614
49,18,0.33091416286982944
50,18,-0.294144612205419
51,18,0.07592804465030993
52,18,0.04251235285234713
53,18,0.4918052300701295
54,18,0.39277108229622293
55,18,0.5442326776807532
56,18,0.0825698003110779
57,18,0.17080069064605433
58,18,0.7388376881453408
59,18,0.015509811763554936
60,18,0.7269223988994383
61,18,0.7332468818739999
62,18,0.3618215935497768
63,18,0.5145637850469905
0,19,-0.006194377571978384
1,19,-0.06659510266136204
2,19,-0.2555845915152395
3,19,-0.008108286063821834
4,19,0.0
5,19,0.06478351080248812
6,19,-0.07114720050344134
7,19,0.030834894305382915
8,19,-0.17278526846566725
9,19,0.10636417419182066
10,19,-0.07428401697596454
11,19,-0.1718003734136194
12,19,0.24804954620914102
13,19,-0.06817280749108334
14,19,0.34030223447498437
15,19,0.462456113721256
16,19,-0.09766873865100345
17,19,-0.2643298175123026
18,19,0.03951834202738335
19,19,1.0
20,19,0.38077101542138364
21,19,-0.25785064157599924
22,19,0.04187331996233656
23,19,-0.19951961472559362
24,19,0.023197812526030665
25,19,0.17178088457576804
26,19,-0.03609385541538435
27,19,-0.12572133734214394
28,19,0.037592124250311706
29,19,-0.04211588659562548
30,19,-0.18511547636204093
31,19,-0.08950376962851775
32,19,-0.04467043206491188
33,19,-0.44780146056929115
34,19,-0.12629804307355508
35,19,0.0
36,19,0.1138154727089386
37,19,-0.1897498751353068
38,19,0.04456606974100369
39,19,-0.12302082117511431
40,19,-0.2168967084552542
41,19,0.09577491343887667
42,19,-0.017589110550162414
43,19,0.1280028219711558
44,19,0.16593355328780215
45,19,0.1706296463190367
46,19,0.06572131546011276
47,19,-0.10866336429704629
48,19,-0.27815026899071127
49,19,0.41802930014197315
50,19,-0.07920401398390832
51,19,-0.03534048249341173
52,19,-0.153494509272435
53,19,0.1476064638934262
54,19,0.27006960338416214
55,19,0.2690346828548172
56,19,0.2022960220678474
57,19,0.060579647431232606
58,19,-0.028549557453067073
59,19,-0.19467619728358498
60,19,0.18262479368380036
61,19,0.0505313833138181
62,19,0.2020359549304901
63,19,0.23496581823420212
0,20,0.07331951722069853
1,20,0.10791389770685242
2,20,-0.1180223962877476
3,20,0.03862319591859645
4,20,0.0
5,20,0.22615616347375683
6,20,0.17944133897548864
7,20,-0.10626325931107712
8,20,-0.19692948379217265
9,20,-0.1474457221448442
10,20,0.10001817387495592
11,20,-0.18874829493932033
12,20,0.17145669087797585
13,20,-0.22078746085858886
14,20,0.27418958829158435
15,20,0.44692438282230956
16,20,-0.30569454015642566
17,20,-0.08165109465592069
18,20,0.15744204738436163
19,20,0.38077101542138364
20,20,1.0
21,20,-0.2173993267664968
22,20,0.08587407301800122
23,20,-0.18264710129682304
24,20,0.051110268426409804
25,20,0.07291115482969074
26,20,-0.2152073155161179
27,20,-0.039264300382614914
28,20,0.0684402654816713
29,20,-0.04391780346055774
30,20,-0.09674073954573924
31,20,0.020082881616723565
32,20,-0.15514987104471648
33,20,-0.287291843330482
34,20,-0.2911025394673334
35,20,0.0
36,20,0.3748636017644478
37,20,-0.2512348194149491
38,20,0.17555760355644331
39,20,-0.09292565701406848
40,20,-0.23566572705095482
41,20,0.03486570885613587
42,20,0.03678362488739488
43,20,0.12312937127909315
44,20,0.21434645576938074
45,20,0.08528654637839204
46,20,0.19232660171350976
47,20,-0.14157876836051542
48,20,-0.09194326941260121
49,20,0.2087896199880748
50,20,-0.10803043138383715
51,20,0.02794388607268036
52,20,0.024626868658098065
53,20,0.13510076524928125
54,20,0.5194056712990389
55,20,0.54282207855254
56,20,0.2963482223048689
57,20,0.001794580732737903
58,20,0.07371691169547313
59,20,-0.001364249225154943
60,20,0.3134242261023976
61,20,0.21230236232099212
62,20,0.18682341276311046
63,20,0.34235319794760805
0,21,-0.01808274569262763
1,21,-0.04357171580881905
2,21,-0.10565691436797313
3,21,0.0010982340740739575
4,21,0.0
5,21,-0.014842848325120457
6,21,0.021091395744501966
7,21,0.41642205924247033
8,21,0.21458619355894798
9,21,0.23958777203831508
10,21,-0.0424004454399465
11,21,-0.1456727965676027
12,21,-0.036929791999737664
13,21,0.35356646082602744
14,21,-0.4575321536680157
15,21,-0.23524215922013678
16,21,-0.06492937347203225
17,21,0.2920728652127115
18,21,0.03175006690875311
19,21,-0.25785064157599924
20,21,-0.2173993267664968
21,21,1.0
22,21,0.09143454487199565
23,21,0.09867537733537969
24,21,-0.14128339497914835
25,21,-0.07842966186164912
26,21,-0.03436172284782837
27,21,0.06392538546333501
28,21,-0.04278486067971444
29,21,-0.019458594539321604
30,21,0.0606456280061975
31,21,-0.0035528363328074346
32,21,0.13458836999379065
33,21,0.5653917928451209
34,21,0.03984930426623869
35,21,0.0
36,21,-0.12071152482368165
37,21,-0.08834677579807577
38,21,-0.082420558664422
39,21,0.05941692755600144
40,21,0.080650694471214
41,21,-0.20691338616091312
42,21,-0.012082363631532535
43,21,-0.5824905324658991
44,21,0.006929796737346396
45,21,-0.22515091479083604
46,21,-0.0824500123350559
47,21,-0.052995647493355676
48,21,0.03218776561606877
49,21,-0.20978638816535516
50,21,0.015525321493757759
51,21,-0.020141666821235433
52,21,0.18163044562875985
53,21,-0.054502875031905255
54,21,-0.11115418852063624
55,21,-0.15289961282367623
56,21,-0.1260875036793893
57,21,0.011490389981172227
58,21,-0.011856902212290419
59,21,0.0291744142124318
60,21,-0.11125775834161103
61,21,-0.1579366006991459
62,21,-0.28144998082840617
63,21,-0.21421190427114947
0,22,0.14908480399543694
1,22,0.2750295378208944
2,22,0.15978056286472786
3,22,-0.38458552411403035
4,22,0.0
5,22,0.3734820567291423
6,22,-0.216887530991678
7,22,0.21132875536294182
8,22,-0.2359012812055996
9,22,-0.17741926884044631
10,22,0.22183528883800122
11,22,0.15632474939720656
12,22,0.02518620911376122
13,22,-0.10660554024478479
14,22,0.20596868318698056
15,22,0.0817376595071026
16,22,-0.31837755551022856
17,22,0.43056135155819875
18,22,0.2353446913345548
19,22,0.04187331996233656
20,22,0.08587407301800122
21,22,0.09143454487199565
22,22,1.0
23,22,-0.36408959074384095
24,22,0.1908929983392637
25,22,0.030734741994572944
26,22,-0.0787886931952403
27,22,-0.41791752117168185
28,22,0.1237286491388629
29,22,0.46884692683428364
30,22,-0.3791929341483535
31,22,-0.11252946455154078
32,22,-0.18151162158426773
33,22,0.23803591608940916
34,22,-0.02279424635118532
35,22,0.0
36,22,0.33338253557522907
37,22,0.095125728010115
38,22,0.22959914471837659
39,22,-0.46571487076537516
40,22,-0.2516088194889049
41,22,-0.08063486164000047
42,22,-0.07400583191511895
43,22,-0.1499076854055891
44,22,0.19620512340220422
45,22,0.0638011066183598
46,22,-0.0030944522264802874
47,22,-0.42300406550498343
48,22,0.13254626841973693
49,22,-0.10844313050522314
50,22,-0.4687886273942241
51,22,-0.14628233262665544
52,22,0.07439579547181144
53,22,0.2584469467947472
54,22,0.1185596248613477
55,22,0.09312231062475561
56,22,-0.274318230095896
57,22,-0.01187739243570853
58,22,0.36465673569036056
59,22,0.02935724934283195
60,22,0.3410878623751445
61,22,0.28684734063956774
62,22,-0.3440518640607605
63,22,0.36734046024371525
0,23,-0.1911540300911864
1,23,-0.4289536917236381
2,23,-0.01332775290735456
3,23,0.4207378813489309
4,23,0.0
5,23,-0.518094049118195
6,23,0.586984733656708
7,23,-0.15776577375524523
8,23,0.16358697564101224
9,23,-0.016829499232972903
10,23,0.017891250949132943
11,23,-0.22550100705732948
12,23,-0.4766367471106014
13,23,0.03898535714715109
14,23,-0.5566208056080256
15,23,-0.4543985121682669
16,23,0.2483413476949671
17,23,-0.1084800767391909
18,23,-0.35043896427341464
19,23,-0.19951961472559362
20,23,-0.18264710129682304
21,23,0.09867537733537969
22,23,-0.36408959074384095
23,23,1.0
24,23,-0.5161255525785816
25,23,-0.33678895320950764
26,23,-0.003539486520241848
27,23,0.850497651119772
28,23,-0.4336816868878305
29,23,-0.6943499974954914
30,23,0.8485344893814338
31,23,0.09445136152842903
32,23,0.04346161728839354
33,23,0.07523924568377126
34,23,0.2617727589512305
35,23,0.0
36,23,-0.5684110881282168
37,23,-0.09184482146711978
38,23,-0.5178472107262256
39,23,0.8788029851752444
40,23,0.8892138398042596
41,23,-0.20787008594534687
42,23,-0.053474439156546656
43,23,0.19562639676700588
44,23,-0.4534069439578822
45,23,-0.5550268559615784
46,23,0.06366695585839918
47,23,0.9017297352240474
48,23,0.222644041967952
49,23,-0.28700027604182166
50,23,0.8643733513568124
51,23,0.017342019021405
52,23,0.1753034648194891
53,23,-0.48561235271619196
54,23,-0.019734464901168754
55,23,-0.30021585065474793
56,23,0.4389541506520814
57,23,-0.1283183766784876
58,23,-0.591999123620535
59,23,0.0958509720673242
60,23,-0.5992404228310672
61,23,-0.5506527423542723
62,23,0.11337640776987912
63,23,-0.6716534566384563
0,24,0.6691607890893663
1,24,0.7809390030270338
2,24,0.6461668536283689
3,24,0.07693234179863503
4,24,0.0
5,24,0.7031461483926644
6,24,-0.27612535262253407
7,24,0.016850166332073452
8,24,-0.0844486197444991
9,24,0.040224755017780875
10,24,-0.0708957857143378
11,24,0.6935167786322428
12,24,0.7411240566363454
13,24,-0.05573507069921842
14,24,0.44779888631715475
15,24,0.2631510671493279
16,24,-0.042574154410146156
17,24,0.1266492333867488
18,24,0.7083394510473205
19,24,0.023197812526030665
20,24,0.051110268426409804
21,24,-0.14128339497914835
22,24,0.1908929983392637
23,24,-0.5161255525785816
24,24,1.0
25,24,0.2769190951264226
26,24,0.07317421961923595
27,24,-0.4340442174842563
28,24,0.3600860696997631
29,24,0.5198526534545818
30,24,-0.37955180673471955
31,24,-0.02218801476435815
32,24,-0.0021733912558990296
33,24,-0.0625458001703918
34,24,-0.05596702313785781
35,24,0.0
36,24,0.48630275500869435
37,24,0.2733145137269007
38,24,0.8582106900969492
39,24,-0.5638225061772346
40,24,-0.5490323862488264
41,24,0.2963951937988
42,24,0.12041308323505164
43,24,-0.08485801834623438
44,24,0.6823676573975452
45,24,0.8773725010957331
46,24,-0.06545187010268694
47,24,-0.5048800847667302
48,24,0.4428882774999171
49,24,0.3818745784584154
50,24,-0.48135669650455837
51,24,0.09349596565469007
52,24,-0.0806378433970997
53,24,0.6750072443491892
54,24,0.05204728528065526
55,24,0.3025067796364956
56,24,-0.1708192196048733
57,24,0.20804003029598603
58,24,0.7970948642482546
59,24,0.05301617131852248
60,24,0.6547768284674091
61,24,0.6764392753343929
62,24,0.30192927825884686
63,24,0.5127093654683107
0,25,0.14791541478876388
1,25,0.2539402850169722
2,25,0.04119682244568373
3,25,-0.2550098758751159
4,25,0.0
5,25,0.31323691003307885
6,25,-0.22528319286850093
7,25,0.04036498696359772
8,25,0.023907195619159598
9,25,0.32563124968209733
10,25,-0.1782880399298153
11,25,0.15607430258435998
12,25,0.27694463138530495
13,25,0.10496703776552749
14,25,0.3300531839900236
15,25,0.20344833084695238
16,25,-0.09734533189224694
17,25,-0.007196416213221711
18,25,0.23481291633956425
19,25,0.17178088457576804
20,25,0.07291115482969074
21,25,-0.07842966186164912
22,25,0.030734741994572944
23,25,-0.33678895320950764
24,25,0.2769190951264226
25,25,1.0
26,25,0.08667242336487753
27,25,-0.35052030560792463
28,25,0.646346594363613
29,25,0.3140544898310633
30,25,-0.37537222452831054
31,25,0.02491748465682979
32,25,0.2677811004298781
33,25,-0.10242701206653111
34,25,-0.16149186270595906
35,25,0.0
36,25,0.31261479479395726
37,25,0.1451978455119377
38,25,0.27981345064969687
39,25,-0.3860452823030958
40,25,-0.26785915342661293
41,25,0.663975721237118
42,25,0.374031526641276
43,25,-0.045770309492405764
44,25,0.29821442880289545
45,25,0.3049116316904848
46,25,-0.03878434495022614
